293.9,-232.41099999999997,20
283.603,-239.78400000000002,20
263.941,-252.044,20
244.63099999999997,-259.909,20
230.727,-268.043,17.735
224.989,-271.3,3.205
219.25400000000002,-273.387,21.78
207.752,-276.814,8.891
205.452,-277.316,5.947
193.752,-280.23,37.316
164.26,-288.407,59.333
127.789,-298.543,54.248000000000005
99.85,-306.295,37.477
78.89,-312.10200000000003,29.594
70.30199999999999,-314.504,9.883
61.431999999999995,-317.073,21.065
49.449,-319.64099999999996,16.779
42.631,-317.107,7.367000000000001
40.0,-315.17,1.946
35.125,-311.805,5.343
33.736,-311.434,1.072
29.154,-312.0,19.174
19.662,-314.933,12.902000000000001
16.738,-315.93,6.644
12.118,-317.445,10.002
8.005,-318.686,12.943
-1.094,-321.134,19.271
-11.073,-320.865,20.406
-21.014,-315.402,20.409000000000002
-28.561999999999998,-301.845,20.447
-32.885,-287.441,16.608
-34.583,-281.401,5.444
-38.006,-268.119,32.764
-43.50899999999999,-245.109,21.04
-47.271,-230.582,20.804000000000002
-51.853,-215.90400000000002,20.8
-56.352,-201.291,20.586
-60.872,-186.668,20.840999999999998
-65.153,-172.801,20.699
-69.404,-159.037,20.843000000000004
-73.453,-145.389,20.979
-76.60600000000001,-132.39,20.945
-79.152,-118.82700000000001,20.919
-82.074,-105.838,20.903000000000002
-85.118,-93.65899999999999,20.361
-88.281,-81.98299999999999,19.939
-92.21700000000001,-71.255,20.008
-96.906,-61.117,20.416
-102.07,-51.927,20.691999999999997
-107.51299999999999,-43.617,20.939
-113.15100000000001,-35.318000000000005,20.973000000000003
-118.499,-27.326,20.961
-123.786,-19.373,20.96
-128.911,-11.779000000000002,20.912
-134.251,-4.202,20.265
-139.112,2.4219999999999997,19.793
-143.784,8.62,20.417
-148.60399999999998,15.276,21.313000000000002
-152.773,22.375,21.747
-156.594,30.201999999999998,21.611
-159.732,37.397,21.539
-162.634,44.281000000000006,21.62
-164.609,52.11600000000001,21.695
-164.43200000000002,60.398999999999994,21.903000000000002
-162.386,68.736,22.193
-158.096,75.92,21.91
-153.458,81.822,20.051
-151.241,87.024,11.879000000000001
-151.262,90.37200000000001,9.193
-151.247,91.994,3.455
-151.246,92.072,3.62
-151.246,92.072,3.62
-151.245,92.15700000000001,3.7319999999999998
-151.245,92.15700000000001,3.7319999999999998
-151.244,92.245,3.88
-151.244,92.245,3.88
-151.243,92.335,4.176
-151.243,92.335,4.176
-151.24200000000002,92.43299999999999,4.662
-151.24200000000002,92.43299999999999,4.662
-151.24,92.544,4.982
-151.24,92.544,4.982
-151.239,92.663,5.377000000000001
-151.239,92.663,5.377000000000001
-151.237,92.79,5.832999999999999
-151.237,92.79,5.832999999999999
-151.236,92.928,6.369
-151.236,92.928,6.369
-151.234,93.08,6.89
-151.234,93.08,6.89
-151.232,93.23700000000001,7.5489999999999995
-151.232,93.23700000000001,7.5489999999999995
-151.23,93.414,8.162
-151.23,93.414,8.162
-151.22799999999998,93.602,8.722000000000001
-151.22799999999998,93.602,8.722000000000001
-151.225,93.806,9.291
-151.225,93.806,9.291
-151.22299999999998,94.01899999999999,9.865
-151.22299999999998,94.01899999999999,9.865
-151.22,94.242,9.996
-151.22,94.242,9.996
-151.22799999999998,94.46600000000001,9.932
-151.22799999999998,94.46600000000001,9.932
-151.23,94.68299999999999,9.904
-151.23,94.68299999999999,9.904
-151.23,94.912,9.889
-151.23,94.912,9.889
-151.22899999999998,95.131,9.875
-151.22899999999998,95.131,9.875
-151.22899999999998,95.34899999999999,9.861
-151.22899999999998,95.34899999999999,9.861
-151.22799999999998,95.569,10.306
-151.22799999999998,95.569,10.306
-151.22799999999998,95.81200000000001,11.47
-151.22799999999998,95.81200000000001,11.47
-151.227,96.085,12.562000000000001
-151.227,96.085,12.562000000000001
-151.226,96.38,13.626
-151.226,96.38,13.626
-151.239,96.693,14.395
-151.239,96.693,14.395
-151.246,97.01700000000001,14.495
-151.246,97.01700000000001,14.495
-151.25,97.338,14.177999999999999
-151.25,97.338,14.177999999999999
-151.253,97.63,13.722999999999999
-151.253,97.63,13.722999999999999
-151.256,97.917,13.202
-151.256,97.917,13.202
-151.26,98.214,12.626
-151.26,98.214,12.626
-151.262,98.473,12.107999999999999
-151.262,98.473,12.107999999999999
-151.265,98.736,11.577
-151.265,98.736,11.577
-151.268,98.98,11.059000000000001
-151.268,98.98,11.059000000000001
-151.27,99.221,10.585999999999999
-151.27,99.221,10.585999999999999
-151.273,99.447,10.177
-151.273,99.447,10.177
-151.275,99.663,9.825
-151.275,99.663,9.825
-151.27700000000002,99.868,9.527000000000001
-151.27700000000002,99.868,9.527000000000001
-151.279,100.07700000000001,9.265
-151.279,100.07700000000001,9.265
-151.281,100.265,9.065
-151.281,100.265,9.065
-151.292,100.456,8.836
-151.292,100.456,8.836
-151.308,100.64200000000001,8.822000000000001
-151.308,100.64200000000001,8.822000000000001
-151.316,100.83200000000001,8.794
-151.316,100.83200000000001,8.794
-151.321,101.01899999999999,8.782
-151.321,101.01899999999999,8.782
-151.326,101.21,8.77
-151.326,101.21,8.77
-151.33100000000002,101.39399999999999,8.759
-151.33100000000002,101.39399999999999,8.759
-151.336,101.57600000000001,8.747
-151.336,101.57600000000001,8.747
-151.341,101.75399999999999,7.907
-151.341,101.75399999999999,7.907
-151.345,101.898,6.486000000000001
-151.345,101.898,6.486000000000001
-151.349,102.024,5.665
-151.349,102.024,5.665
-151.352,102.135,5.037
-151.352,102.135,5.037
-151.35399999999998,102.235,4.5280000000000005
-151.362,102.325,4.035
-151.362,102.325,4.035
-151.37,102.405,3.6489999999999996
-151.37,102.405,3.6489999999999996
-151.38,102.47399999999999,3.27
-151.38,102.47399999999999,3.27
-151.392,102.537,2.844
-151.392,102.537,2.844
-151.40200000000002,102.59200000000001,2.436
-151.40200000000002,102.59200000000001,2.436
-151.407,102.649,2.832
-151.407,102.649,2.832
-151.41,102.713,3.003
-151.41,102.713,3.003
-151.41299999999998,102.774,2.964
-151.41299999999998,102.774,2.964
-151.417,102.838,2.822
-151.417,102.838,2.822
-151.42,102.896,2.6489999999999996
-151.42,102.896,2.6489999999999996
-151.423,102.945,1.9809999999999999
-151.423,102.945,1.9809999999999999
-151.424,102.976,1.3030000000000002
-151.424,102.976,1.3030000000000002
-151.425,102.99700000000001,0.86
-151.425,102.99700000000001,0.86
-151.42600000000002,103.008,0.375
-151.42600000000002,103.008,0.375
-151.42700000000002,103.016,0.414
-151.42700000000002,103.016,0.414
-151.42700000000002,103.021,0.132
-151.42700000000002,103.021,0.132
-151.42700000000002,103.02600000000001,0.272
-151.42700000000002,103.02600000000001,0.272
-151.42700000000002,103.029,0.092
-151.42700000000002,103.029,0.092
-151.428,103.03399999999999,0.266
-151.428,103.03399999999999,0.266
-151.428,103.037,0.12
-151.428,103.04299999999999,0.312
-151.428,103.04299999999999,0.312
-151.429,103.055,0.602
-151.429,103.055,0.602
-151.429,103.066,0.53
-151.43,103.08200000000001,0.738
-151.431,103.104,0.9440000000000001
-151.431,103.104,0.9440000000000001
-151.43200000000002,103.126,1.29
-151.43200000000002,103.126,1.29
-151.434,103.15700000000001,1.6569999999999998
-151.434,103.15700000000001,1.6569999999999998
-151.436,103.198,2.1390000000000002
-151.436,103.198,2.1390000000000002
-151.441,103.242,2.1519999999999997
-151.441,103.242,2.1519999999999997
-151.447,103.291,2.616
-151.447,103.291,2.616
-151.455,103.351,2.8680000000000003
-151.455,103.351,2.8680000000000003
-151.459,103.413,3.281
-151.459,103.413,3.281
-151.464,103.488,3.8089999999999997
-151.464,103.488,3.8089999999999997
-151.469,103.573,4.187
-151.469,103.573,4.187
-151.475,103.66799999999999,4.643
-151.475,103.66799999999999,4.643
-151.481,103.773,5.206
-151.481,103.773,5.206
-151.488,103.89,5.836
-151.488,103.89,5.836
-151.496,104.021,6.515
-151.496,104.021,6.515
-151.505,104.166,7.245
-151.505,104.166,7.245
-151.516,104.333,7.937
-151.516,104.333,7.937
-151.52700000000002,104.514,8.583
-151.52700000000002,104.514,8.583
-151.53799999999998,104.698,9.191
-151.53799999999998,104.698,9.191
-151.55,104.89399999999999,9.711
-151.55,104.89399999999999,9.711
-151.562,105.09899999999999,9.698
-151.562,105.09899999999999,9.698
-151.586,105.31299999999999,9.636000000000001
-151.586,105.31299999999999,9.636000000000001
-151.613,105.51100000000001,9.621
-151.613,105.51100000000001,9.621
-151.632,105.704,9.593
-151.632,105.704,9.593
-151.649,105.91799999999999,9.579
-151.649,105.91799999999999,9.579
-151.664,106.11,9.567
-151.664,106.11,9.567
-151.68,106.31,10.238
-151.68,106.31,10.238
-151.69899999999998,106.536,11.374
-151.69899999999998,106.536,11.374
-151.719,106.785,12.455
-151.719,106.785,12.455
-151.74200000000002,107.075,13.589
-151.74200000000002,107.075,13.589
-151.766,107.37200000000001,14.487
-151.766,107.37200000000001,14.487
-151.791,107.68700000000001,14.7
-151.791,107.68700000000001,14.7
-151.82399999999998,107.97200000000001,14.417
-151.82399999999998,107.97200000000001,14.417
-151.855,108.257,14.001
-151.855,108.257,14.001
-151.879,108.522,13.54
-151.879,108.522,13.54
-151.904,108.79700000000001,13.019
-151.904,108.79700000000001,13.019
-151.92700000000002,109.041,12.536
-151.92700000000002,109.041,12.536
-151.94899999999998,109.286,12.042
-151.94899999999998,109.286,12.042
-151.981,109.523,11.507
-151.981,109.523,11.507
-152.018,109.743,11.05
-152.018,109.743,11.05
-152.056,109.956,10.61
-152.056,109.956,10.61
-152.1,110.15,10.128
-152.1,110.15,10.128
-152.15200000000002,110.337,9.73
-152.15200000000002,110.337,9.73
-152.215,110.521,9.231
-152.215,110.521,9.231
-152.283,110.693,8.856
-152.283,110.693,8.856
-152.347,110.84299999999999,8.529
-152.347,110.84299999999999,8.529
-152.425,110.995,8.071
-152.504,111.131,7.977
-152.504,111.131,7.977
-152.58700000000002,111.265,7.966
-152.58700000000002,111.265,7.966
-152.678,111.389,7.814
-152.77200000000002,111.50399999999999,7.792999999999999
-152.77200000000002,111.50399999999999,7.792999999999999
-152.871,111.616,7.781000000000001
-152.871,111.616,7.781000000000001
-152.98,111.72,7.604
-152.98,111.72,7.604
-153.085,111.83200000000001,7.778
-153.085,111.83200000000001,7.778
-153.164,111.95700000000001,6.999
-153.164,111.95700000000001,6.999
-153.22299999999998,112.06700000000001,6.035
-153.22299999999998,112.06700000000001,6.035
-153.273,112.161,5.096
-153.273,112.161,5.096
-153.317,112.243,4.485
-153.356,112.315,3.978
-153.356,112.315,3.978
-153.389,112.37799999999999,3.596
-153.389,112.37799999999999,3.596
-153.42,112.434,3.225
-153.42,112.434,3.225
-153.454,112.491,3.3339999999999996
-153.454,112.491,3.3339999999999996
-153.49,112.54700000000001,3.261
-153.49,112.54700000000001,3.261
-153.525,112.598,3.092
-153.525,112.598,3.092
-153.56,112.64399999999999,2.924
-153.56,112.64399999999999,2.924
-153.585,112.685,2.157
-153.585,112.685,2.157
-153.602,112.71600000000001,1.601
-153.602,112.71600000000001,1.601
-153.615,112.738,1.156
-153.615,112.738,1.156
-153.624,112.755,0.9209999999999999
-153.624,112.755,0.9209999999999999
-153.632,112.76799999999999,0.665
-153.632,112.76799999999999,0.665
-153.638,112.77600000000001,0.5529999999999999
-153.638,112.77600000000001,0.5529999999999999
-153.644,112.786,0.525
-153.644,112.786,0.525
-153.649,112.79299999999999,0.4
-153.649,112.79299999999999,0.4
-153.653,112.79799999999999,0.298
-153.653,112.79799999999999,0.298
-153.656,112.802,0.252
-153.656,112.802,0.252
-153.659,112.806,0.23800000000000002
-153.659,112.806,0.23800000000000002
-153.662,112.81,0.24
-153.662,112.81,0.24
-153.664,112.814,0.265
-153.66899999999998,112.822,0.619
-153.66899999999998,112.822,0.619
-153.679,112.839,1.099
-153.679,112.839,1.099
-153.692,112.86399999999999,1.379
-153.692,112.86399999999999,1.379
-153.709,112.89299999999999,1.692
-153.709,112.89299999999999,1.692
-153.727,112.925,1.982
-153.727,112.925,1.982
-153.749,112.964,2.291
-153.749,112.964,2.291
-153.776,113.01100000000001,2.852
-153.776,113.01100000000001,2.852
-153.805,113.064,3.2439999999999998
-153.805,113.064,3.2439999999999998
-153.838,113.12299999999999,3.6460000000000004
-153.838,113.12299999999999,3.6460000000000004
-153.876,113.189,4.0569999999999995
-153.876,113.189,4.0569999999999995
-153.917,113.26299999999999,4.547
-153.917,113.26299999999999,4.547
-153.963,113.345,5.091
-154.016,113.43799999999999,5.6770000000000005
-154.016,113.43799999999999,5.6770000000000005
-154.076,113.53399999999999,6.341
-154.076,113.53399999999999,6.341
-154.151,113.647,6.989
-154.151,113.647,6.989
-154.232,113.76799999999999,7.562
-154.232,113.76799999999999,7.562
-154.328,113.895,8.075
-154.328,113.895,8.075
-154.438,114.03200000000001,8.677
-154.438,114.03200000000001,8.677
-154.549,114.165,9.248
-154.549,114.165,9.248
-154.67600000000002,114.301,9.648
-154.67600000000002,114.301,9.648
-154.808,114.43,9.624
-154.808,114.43,9.624
-154.952,114.552,9.471
-154.952,114.552,9.471
-155.092,114.65799999999999,9.443999999999999
-155.092,114.65799999999999,9.443999999999999
-155.237,114.76,9.429
-155.388,114.851,9.252
-155.388,114.851,9.252
-155.53799999999998,114.928,9.219
-155.53799999999998,114.928,9.219
-155.7,115.00299999999999,9.203
-155.861,115.09,10.196
-155.861,115.09,10.196
-156.025,115.215,11.054
-156.18200000000002,115.346,11.372
-156.18200000000002,115.346,11.372
-156.344,115.48200000000001,11.325
-156.506,115.617,11.085999999999999
-156.506,115.617,11.085999999999999
-156.66,115.74700000000001,10.769
-156.66,115.74700000000001,10.769
-156.811,115.87299999999999,10.415
-156.811,115.87299999999999,10.415
-156.952,115.992,10.06
-156.952,115.992,10.06
-157.089,116.10700000000001,9.707
-157.089,116.10700000000001,9.707
-157.231,116.21600000000001,9.306000000000001
-157.231,116.21600000000001,9.306000000000001
-157.364,116.31299999999999,8.97
-157.364,116.31299999999999,8.97
-157.494,116.405,8.649
-157.494,116.405,8.649
-157.613,116.49700000000001,8.33
-157.613,116.49700000000001,8.33
-157.726,116.588,8.035
-157.726,116.588,8.035
-157.836,116.676,7.747999999999999
-157.836,116.676,7.747999999999999
-157.944,116.755,7.443
-157.944,116.755,7.443
-158.046,116.82600000000001,7.187
-158.046,116.82600000000001,7.187
-158.149,116.896,6.934
-158.149,116.896,6.934
-158.249,116.95700000000001,6.645
-158.349,117.01299999999999,6.4110000000000005
-158.349,117.01299999999999,6.4110000000000005
-158.452,117.07,6.1739999999999995
-158.452,117.07,6.1739999999999995
-158.545,117.11399999999999,5.903
-158.545,117.11399999999999,5.903
-158.637,117.154,5.699
-158.72,117.2,5.632999999999999
-158.72,117.2,5.632999999999999
-158.797,117.251,5.622000000000001
-158.797,117.251,5.622000000000001
-158.877,117.306,5.6160000000000005
-158.877,117.306,5.6160000000000005
-158.95600000000002,117.359,5.61
-158.95600000000002,117.359,5.61
-159.035,117.412,5.604
-159.035,117.412,5.604
-159.111,117.464,5.599
-159.111,117.464,5.599
-159.19299999999998,117.52,5.593
-159.19299999999998,117.52,5.593
-159.266,117.569,5.587000000000001
-159.266,117.569,5.587000000000001
-159.341,117.62,5.428
-159.341,117.62,5.428
-159.406,117.664,4.422
-159.406,117.664,4.422
-159.461,117.70100000000001,3.8
-159.461,117.70100000000001,3.8
-159.509,117.73299999999999,3.303
-159.509,117.73299999999999,3.303
-159.55,117.76100000000001,2.938
-159.55,117.76100000000001,2.938
-159.589,117.785,2.385
-159.589,117.785,2.385
-159.622,117.804,2.369
-159.622,117.804,2.369
-159.657,117.824,2.642
-159.69299999999998,117.845,2.5180000000000002
-159.69299999999998,117.845,2.5180000000000002
-159.732,117.865,2.918
-159.776,117.88600000000001,2.967
-159.776,117.88600000000001,2.967
-159.82,117.90700000000001,3.073
-159.82,117.90700000000001,3.073
-159.865,117.93299999999999,3.2689999999999997
-159.911,117.963,3.406
-159.911,117.963,3.406
-159.959,117.994,3.628
-159.959,117.994,3.628
-160.011,118.027,3.823
-160.011,118.027,3.823
-160.066,118.06299999999999,4.067
-160.124,118.1,4.371
-160.124,118.1,4.371
-160.186,118.141,4.7139999999999995
-160.186,118.141,4.7139999999999995
-160.253,118.184,5.093
-160.253,118.184,5.093
-160.326,118.23200000000001,5.492000000000001
-160.326,118.23200000000001,5.492000000000001
-160.405,118.28299999999999,5.922000000000001
-160.405,118.28299999999999,5.922000000000001
-160.493,118.339,6.356
-160.493,118.339,6.356
-160.584,118.399,6.864
-160.584,118.399,6.864
-160.683,118.462,7.385
-160.683,118.462,7.385
-160.791,118.53200000000001,7.886
-160.791,118.53200000000001,7.886
-160.90200000000002,118.598,8.308
-161.026,118.666,8.793
-161.026,118.666,8.793
-161.16,118.73899999999999,9.304
-161.16,118.73899999999999,9.304
-161.303,118.814,9.724
-161.303,118.814,9.724
-161.44799999999998,118.883,9.638
-161.44799999999998,118.883,9.638
-161.588,118.943,9.618
-161.588,118.943,9.618
-161.72799999999998,119.01299999999999,9.579
-161.72799999999998,119.01299999999999,9.579
-161.863,119.089,9.566
-161.863,119.089,9.566
-161.993,119.163,9.556000000000001
-162.13299999999998,119.242,9.546
-162.13299999999998,119.242,9.546
-162.256,119.31200000000001,9.537
-162.256,119.31200000000001,9.537
-162.388,119.387,9.527000000000001
-162.388,119.387,9.527000000000001
-162.52,119.462,9.953
-162.52,119.462,9.953
-162.672,119.54799999999999,10.932
-162.672,119.54799999999999,10.932
-162.832,119.639,11.835
-162.832,119.639,11.835
-163.004,119.73700000000001,12.73
-163.004,119.73700000000001,12.73
-163.187,119.84100000000001,13.530999999999999
-163.187,119.84100000000001,13.530999999999999
-163.375,119.956,13.9
-163.375,119.956,13.9
-163.555,120.074,13.929
-163.555,120.074,13.929
-163.75,120.20700000000001,13.735999999999999
-163.75,120.20700000000001,13.735999999999999
-163.93,120.33200000000001,13.437000000000001
-163.93,120.33200000000001,13.437000000000001
-164.107,120.447,13.071
-164.107,120.447,13.071
-164.278,120.554,12.702
-164.445,120.65799999999999,12.324000000000002
-164.445,120.65799999999999,12.324000000000002
-164.607,120.759,11.948
-164.607,120.759,11.948
-164.774,120.86200000000001,11.554
-164.774,120.86200000000001,11.554
-164.933,120.961,11.175999999999998
-164.933,120.961,11.175999999999998
-165.084,121.055,10.815999999999999
-165.084,121.055,10.815999999999999
-165.229,121.145,10.468
-165.229,121.145,10.468
-165.36900000000003,121.24,10.08
-165.36900000000003,121.24,10.08
-165.5,121.334,9.748
-165.5,121.334,9.748
-165.62599999999998,121.427,9.399
-165.62599999999998,121.427,9.399
-165.74400000000003,121.516,9.099
-165.74400000000003,121.516,9.099
-165.854,121.60600000000001,8.775
-165.854,121.60600000000001,8.775
-165.955,121.697,8.545
-165.955,121.697,8.545
-166.05599999999998,121.789,8.349
-166.05599999999998,121.789,8.349
-166.153,121.887,8.096
-166.239,121.98299999999999,7.9639999999999995
-166.239,121.98299999999999,7.9639999999999995
-166.31900000000002,122.075,7.905
-166.31900000000002,122.075,7.905
-166.399,122.17,7.896
-166.399,122.17,7.896
-166.47299999999998,122.26899999999999,7.781000000000001
-166.47299999999998,122.26899999999999,7.781000000000001
-166.545,122.37700000000001,7.7589999999999995
-166.545,122.37700000000001,7.7589999999999995
-166.615,122.486,7.749
-166.615,122.486,7.749
-166.67700000000002,122.59899999999999,7.608
-166.67700000000002,122.59899999999999,7.608
-166.74200000000002,122.70700000000001,7.716
-166.74200000000002,122.70700000000001,7.716
-166.831,122.811,7.645
-166.91400000000002,122.9,7.6339999999999995
-166.91400000000002,122.9,7.6339999999999995
-167.002,122.992,6.699
-167.002,122.992,6.699
-167.081,123.074,5.966
-167.081,123.074,5.966
-167.146,123.14299999999999,5.229
-167.146,123.14299999999999,5.229
-167.205,123.205,4.635
-167.205,123.205,4.635
-167.25900000000001,123.26100000000001,4.084
-167.25900000000001,123.26100000000001,4.084
-167.305,123.31,3.577
-167.305,123.31,3.577
-167.35,123.35700000000001,3.3160000000000003
-167.35,123.35700000000001,3.3160000000000003
-167.38400000000001,123.396,2.786
-167.38400000000001,123.396,2.786
-167.41299999999998,123.431,2.226
-167.41299999999998,123.431,2.226
-167.435,123.458,1.761
-167.435,123.458,1.761
-167.458,123.48899999999999,2.175
-167.458,123.48899999999999,2.175
-167.47799999999998,123.51799999999999,1.8519999999999999
-167.47799999999998,123.51799999999999,1.8519999999999999
-167.497,123.545,1.84
-167.497,123.545,1.84
-167.514,123.574,1.864
-167.514,123.574,1.864
-167.53,123.601,1.8880000000000001
-167.53,123.601,1.8880000000000001
-167.549,123.631,1.984
-167.549,123.631,1.984
-167.56599999999997,123.666,2.246
-167.56599999999997,123.666,2.246
-167.59,123.70299999999999,2.307
-167.59,123.70299999999999,2.307
-167.61900000000003,123.736,2.4419999999999997
-167.61900000000003,123.736,2.4419999999999997
-167.653,123.775,3.05
-167.653,123.775,3.05
-167.69099999999997,123.818,3.175
-167.69099999999997,123.818,3.175
-167.732,123.865,3.4539999999999997
-167.732,123.865,3.4539999999999997
-167.77700000000002,123.92200000000001,4.0760000000000005
-167.77700000000002,123.92200000000001,4.0760000000000005
-167.822,123.98100000000001,4.285
-167.822,123.98100000000001,4.285
-167.875,124.051,4.879
-167.875,124.051,4.879
-167.925,124.126,5.148
-167.925,124.126,5.148
-167.981,124.213,5.859
-168.04,124.309,6.265
-168.04,124.309,6.265
-168.11,124.402,6.742999999999999
-168.11,124.402,6.742999999999999
-168.19099999999997,124.50299999999999,7.26
-168.19099999999997,124.50299999999999,7.26
-168.28,124.613,7.905
-168.28,124.613,7.905
-168.38099999999997,124.738,8.513
-168.38099999999997,124.738,8.513
-168.483,124.86399999999999,9.065
-168.483,124.86399999999999,9.065
-168.59099999999998,125.01100000000001,9.617
-168.59099999999998,125.01100000000001,9.617
-168.69299999999998,125.15700000000001,9.627
-168.69299999999998,125.15700000000001,9.627
-168.794,125.307,9.612
-168.794,125.307,9.612
-168.889,125.462,9.519
-168.889,125.462,9.519
-168.977,125.62,9.495
-168.977,125.62,9.495
-169.062,125.779,9.479
-169.062,125.779,9.479
-169.137,125.939,9.357000000000001
-169.137,125.939,9.357000000000001
-169.203,126.103,9.33
-169.203,126.103,9.33
-169.271,126.281,9.993
-169.271,126.281,9.993
-169.329,126.469,10.901
-169.329,126.469,10.901
-169.38,126.675,11.867
-169.38,126.675,11.867
-169.428,126.904,12.847000000000001
-169.428,126.904,12.847000000000001
-169.46099999999998,127.156,13.630999999999998
-169.476,127.421,14.59
-169.476,127.421,14.59
-169.46599999999998,127.70200000000001,15.32
-169.46599999999998,127.70200000000001,15.32
-169.42700000000002,127.99799999999999,16.277
-169.42700000000002,127.99799999999999,16.277
-169.38299999999998,128.322,17.73
-169.38299999999998,128.322,17.73
-169.375,128.691,18.67
-169.395,129.07399999999998,19.141
-169.395,129.07399999999998,19.141
-169.419,129.457,19.02
-169.419,129.457,19.02
-169.44299999999998,129.817,18.605
-169.44299999999998,129.817,18.605
-169.467,130.171,18.058
-169.467,130.171,18.058
-169.49099999999999,130.536,17.387999999999998
-169.513,130.864,16.747
-169.533,131.174,16.117
-169.533,131.174,16.117
-169.553,131.476,15.491
-169.553,131.476,15.491
-169.57299999999998,131.776,14.86
-169.57299999999998,131.776,14.86
-169.60299999999998,132.058,14.203
-169.60299999999998,132.058,14.203
-169.641,132.333,13.609000000000002
-169.641,132.333,13.609000000000002
-169.679,132.579,13.085999999999999
-169.679,132.579,13.085999999999999
-169.729,132.827,12.921
-169.729,132.827,12.921
-169.79,133.07,12.872
-169.79,133.07,12.872
-169.858,133.313,12.835999999999999
-169.858,133.313,12.835999999999999
-169.94099999999997,133.554,12.659
-169.94099999999997,133.554,12.659
-170.033,133.778,12.602
-170.033,133.778,12.602
-170.113,134.007,12.527000000000001
-170.113,134.007,12.527000000000001
-170.17700000000002,134.255,12.472999999999999
-170.17700000000002,134.255,12.472999999999999
-170.233,134.474,11.008
-170.233,134.474,11.008
-170.28099999999998,134.667,9.541
-170.28099999999998,134.667,9.541
-170.324,134.839,8.472000000000001
-170.364,135.002,7.609
-170.364,135.002,7.609
-170.39700000000002,135.131,7.0
-170.39700000000002,135.131,7.0
-170.429,135.262,6.419
-170.429,135.262,6.419
-170.458,135.377,5.936
-170.484,135.482,5.5
-170.484,135.482,5.5
-170.50900000000001,135.582,5.093
-170.50900000000001,135.582,5.093
-170.532,135.673,4.723
-170.532,135.673,4.723
-170.55200000000002,135.755,4.388999999999999
-170.55200000000002,135.755,4.388999999999999
-170.56799999999998,135.835,4.053999999999999
-170.56799999999998,135.835,4.053999999999999
-170.581,135.91,3.7569999999999997
-170.581,135.91,3.7569999999999997
-170.597,135.98,3.469
-170.597,135.98,3.469
-170.612,136.04399999999998,3.21
-170.612,136.04399999999998,3.21
-170.627,136.10299999999998,2.968
-170.627,136.10299999999998,2.968
-170.639,136.157,2.7489999999999997
-170.639,136.157,2.7489999999999997
-170.65,136.2,2.051
-170.65,136.2,2.051
-170.658,136.232,1.335
-170.658,136.232,1.335
-170.66299999999998,136.252,1.052
-170.66299999999998,136.252,1.052
-170.666,136.268,0.6729999999999999
-170.666,136.268,0.6729999999999999
-170.669,136.28,0.49200000000000005
-170.669,136.28,0.49200000000000005
-170.671,136.287,0.335
-170.671,136.287,0.335
-170.672,136.292,0.22399999999999998
-170.672,136.292,0.22399999999999998
-170.673,136.296,0.21
-170.674,136.3,0.17300000000000001
-170.674,136.3,0.17300000000000001
-170.675,136.303,0.198
-170.675,136.303,0.198
-170.676,136.30700000000002,0.17300000000000001
-170.676,136.30700000000002,0.17300000000000001
-170.67700000000002,136.311,0.212
-170.67700000000002,136.311,0.212
-170.678,136.314,0.2
-170.678,136.314,0.2
-170.679,136.319,0.249
-170.679,136.319,0.249
-170.68,136.325,0.513
-170.685,136.344,1.2819999999999998
-170.69099999999997,136.37,1.557
-170.69099999999997,136.37,1.557
-170.699,136.40200000000002,1.615
-170.699,136.40200000000002,1.615
-170.707,136.437,2.07
-170.707,136.437,2.07
-170.717,136.47799999999998,2.378
-170.717,136.47799999999998,2.378
-170.729,136.528,2.798
-170.729,136.528,2.798
-170.743,136.585,3.1289999999999996
-170.743,136.585,3.1289999999999996
-170.75599999999997,136.65,3.571
-170.75599999999997,136.65,3.571
-170.77200000000002,136.724,3.91
-170.77200000000002,136.724,3.91
-170.792,136.806,4.349
-170.792,136.806,4.349
-170.81400000000002,136.898,4.865
-170.81400000000002,136.898,4.865
-170.838,136.999,5.49
-170.838,136.999,5.49
-170.865,137.11,6.167999999999999
-170.865,137.11,6.167999999999999
-170.896,137.241,6.846
-170.896,137.241,6.846
-170.929,137.378,7.462000000000001
-170.929,137.378,7.462000000000001
-170.96400000000003,137.525,8.038
-170.96400000000003,137.525,8.038
-171.00099999999998,137.68200000000002,8.607999999999999
-171.00099999999998,137.68200000000002,8.607999999999999
-171.041,137.847,9.186
-171.041,137.847,9.186
-171.084,138.026,9.691
-171.084,138.026,9.691
-171.128,138.209,9.657
-171.128,138.209,9.657
-171.171,138.389,9.622
-171.171,138.389,9.622
-171.213,138.567,9.588
-171.213,138.567,9.588
-171.255,138.74200000000002,9.556000000000001
-171.255,138.74200000000002,9.556000000000001
-171.298,138.91899999999998,9.524
-171.298,138.91899999999998,9.524
-171.34,139.097,9.491
-171.34,139.097,9.491
-171.38299999999998,139.275,9.459
-171.38299999999998,139.275,9.459
-171.42700000000002,139.46,10.329
-171.42700000000002,139.46,10.329
-171.467,139.66299999999998,11.350999999999999
-171.467,139.66299999999998,11.350999999999999
-171.514,139.886,12.379000000000001
-171.514,139.886,12.379000000000001
-171.572,140.139,13.468
-171.572,140.139,13.468
-171.635,140.411,14.565
-171.635,140.411,14.565
-171.701,140.69899999999998,15.669
-171.701,140.69899999999998,15.669
-171.769,140.999,16.771
-171.769,140.999,16.771
-171.84900000000002,141.343,17.994
-171.84900000000002,141.343,17.994
-171.93,141.7,19.221
-171.93,141.7,19.221
-172.015,142.06799999999998,20.457
-172.015,142.06799999999998,20.457
-172.107,142.468,21.756
-172.107,142.468,21.756
-172.19,142.888,22.958000000000002
-172.19,142.888,22.958000000000002
-172.28,143.338,24.281999999999996
-172.28,143.338,24.281999999999996
-172.37900000000002,143.80700000000002,25.605999999999998
-172.37900000000002,143.80700000000002,25.605999999999998
-172.481,144.289,26.888
-172.481,144.289,26.888
-172.58900000000003,144.799,28.164
-172.58900000000003,144.799,28.164
-172.709,145.366,29.499000000000002
-172.832,145.944,30.785999999999998
-172.832,145.944,30.785999999999998
-172.951,146.505,31.967
-172.951,146.505,31.967
-173.078,147.108,33.174
-173.078,147.108,33.174
-173.21599999999998,147.757,34.406
-173.21599999999998,147.757,34.406
-173.357,148.423,35.61
-173.357,148.423,35.61
-173.503,149.112,35.783
-173.503,149.112,35.783
-173.65,149.805,35.728
-173.65,149.805,35.728
-173.77599999999998,150.47,35.563
-173.77599999999998,150.47,35.563
-173.89700000000002,151.129,35.507
-173.89700000000002,151.129,35.507
-174.02200000000002,151.785,35.457
-174.14700000000002,152.447,35.407
-174.14700000000002,152.447,35.407
-174.267,153.086,35.36
-174.267,153.086,35.36
-174.39,153.74,35.961
-174.39,153.74,35.961
-174.517,154.418,37.41
-174.517,154.418,37.41
-174.648,155.118,38.707
-174.648,155.118,38.707
-174.8,155.928,40.043
-174.8,155.928,40.043
-174.952,156.658,41.007
-174.952,156.658,41.007
-175.135,157.422,42.023999999999994
-175.135,157.422,42.023999999999994
-175.34099999999998,158.192,43.022
-175.55599999999998,158.98,44.049
-175.55599999999998,158.98,44.049
-175.787,159.825,45.11600000000001
-175.787,159.825,45.11600000000001
-176.02,160.659,46.126999999999995
-176.02,160.659,46.126999999999995
-176.264,161.515,47.128
-176.264,161.515,47.128
-176.513,162.38299999999998,48.108000000000004
-176.513,162.38299999999998,48.108000000000004
-176.782,163.313,49.125
-176.782,163.313,49.125
-177.045,164.22099999999998,50.086000000000006
-177.045,164.22099999999998,50.086000000000006
-177.31799999999998,165.16,50.971000000000004
-177.31799999999998,165.16,50.971000000000004
-177.582,166.06799999999998,51.37
-177.582,166.06799999999998,51.37
-177.85299999999998,167.00099999999998,51.239
-177.85299999999998,167.00099999999998,51.239
-178.13099999999997,167.954,50.766999999999996
-178.13099999999997,167.954,50.766999999999996
-178.388,168.896,49.997
-178.388,168.896,49.997
-178.614,169.82,49.151
-178.614,169.82,49.151
-178.81799999999998,170.676,48.385
-178.81799999999998,170.676,48.385
-179.021,171.53,47.582
-179.021,171.53,47.582
-179.22,172.392,46.898999999999994
-179.22,172.392,46.898999999999994
-179.41,173.231,46.831
-179.41,173.231,46.831
-179.597,174.06900000000002,46.765
-179.597,174.06900000000002,46.765
-179.805,174.937,46.575
-179.805,174.937,46.575
-180.018,175.725,46.428000000000004
-180.018,175.725,46.428000000000004
-180.25099999999998,176.582,46.356
-180.25099999999998,176.582,46.356
-180.479,177.42,46.288999999999994
-180.479,177.42,46.288999999999994
-180.71400000000003,178.267,46.22
-180.71400000000003,178.267,46.22
-180.94400000000002,179.08700000000002,46.058
-180.94400000000002,179.08700000000002,46.058
-181.174,179.898,45.733999999999995
-181.174,179.898,45.733999999999995
-181.405,180.709,45.343999999999994
-181.405,180.709,45.343999999999994
-181.636,181.518,44.918
-181.636,181.518,44.918
-181.863,182.31,44.482
-181.863,182.31,44.482
-182.095,183.122,44.023
-182.095,183.122,44.023
-182.33700000000002,183.91400000000002,43.456
-182.33700000000002,183.91400000000002,43.456
-182.584,184.703,42.993
-182.584,184.703,42.993
-182.821,185.467,42.548
-182.821,185.467,42.548
-183.048,186.19299999999998,42.123999999999995
-183.048,186.19299999999998,42.123999999999995
-183.27599999999998,186.921,41.696999999999996
-183.27599999999998,186.921,41.696999999999996
-183.5,187.632,41.281000000000006
-183.5,187.632,41.281000000000006
-183.73,188.361,40.854
-183.73,188.361,40.854
-183.955,189.071,40.438
-183.955,189.071,40.438
-184.175,189.767,40.029
-184.175,189.767,40.029
-184.391,190.453,39.626999999999995
-184.391,190.453,39.626999999999995
-184.612,191.15,39.218
-184.612,191.15,39.218
-184.826,191.827,38.821
-184.826,191.827,38.821
-185.046,192.525,38.411
-185.046,192.525,38.411
-185.247,193.207,37.907
-185.247,193.207,37.907
-185.452,193.916,37.489000000000004
-185.452,193.916,37.489000000000004
-185.643,194.567,37.108000000000004
-185.643,194.567,37.108000000000004
-185.84099999999998,195.243,36.714
-185.84099999999998,195.243,36.714
-186.032,195.90200000000002,36.33
-186.032,195.90200000000002,36.33
-186.217,196.53900000000002,35.958
-186.395,197.15,35.601
-186.395,197.15,35.601
-186.575,197.773,35.238
-186.575,197.773,35.238
-186.761,198.41099999999997,34.866
-186.761,198.41099999999997,34.866
-186.938,199.024,34.509
-186.938,199.024,34.509
-187.11700000000002,199.64,34.149
-187.11700000000002,199.64,34.149
-187.308,200.299,33.765
-187.308,200.299,33.765
-187.489,200.924,33.4
-187.489,200.924,33.4
-187.667,201.53599999999997,33.043
-187.667,201.53599999999997,33.043
-187.84,202.132,32.695
-187.84,202.132,32.695
-188.00400000000002,202.7,32.364000000000004
-188.00400000000002,202.7,32.364000000000004
-188.172,203.27700000000002,32.025999999999996
-188.172,203.27700000000002,32.025999999999996
-188.33900000000003,203.854,31.69
-188.33900000000003,203.854,31.69
-188.50400000000002,204.423,31.357
-188.50400000000002,204.423,31.357
-188.667,204.987,31.028000000000002
-188.667,204.987,31.028000000000002
-188.835,205.563,30.691
-188.835,205.563,30.691
-188.979,206.11,30.275
-188.979,206.11,30.275
-189.107,206.668,30.093000000000004
-189.237,207.222,30.035
-189.372,207.77700000000002,29.994
-189.372,207.77700000000002,29.994
-189.505,208.328,29.954
-189.639,208.877,29.913
-189.639,208.877,29.913
-189.767,209.40599999999998,29.875
-189.767,209.40599999999998,29.875
-189.9,209.96,29.834
-189.9,209.96,29.834
-190.037,210.52200000000002,29.464000000000002
-190.037,210.52200000000002,29.464000000000002
-190.165,211.054,28.436999999999998
-190.165,211.054,28.436999999999998
-190.28799999999998,211.55900000000003,27.648000000000003
-190.28799999999998,211.55900000000003,27.648000000000003
-190.41,212.063,26.976999999999997
-190.41,212.063,26.976999999999997
-190.52900000000002,212.555,26.386
-190.52900000000002,212.555,26.386
-190.65900000000002,213.037,25.746
-190.65900000000002,213.037,25.746
-190.80200000000002,213.49900000000002,25.198
-190.80200000000002,213.49900000000002,25.198
-190.937,213.954,24.691999999999997
-190.937,213.954,24.691999999999997
-191.06599999999997,214.40599999999998,24.208000000000002
-191.06599999999997,214.40599999999998,24.208000000000002
-191.185,214.825,23.76
-191.185,214.825,23.76
-191.30599999999998,215.252,23.307
-191.30599999999998,215.252,23.307
-191.424,215.667,22.866
-191.424,215.667,22.866
-191.53900000000002,216.071,22.436999999999998
-191.53900000000002,216.071,22.436999999999998
-191.653,216.47299999999998,22.01
-191.653,216.47299999999998,22.01
-191.765,216.87,21.588
-191.765,216.87,21.588
-191.873,217.248,21.186999999999998
-191.981,217.63099999999997,20.781
-191.981,217.63099999999997,20.781
-192.081,217.982,20.395
-192.185,218.34900000000002,20.008
-192.185,218.34900000000002,20.008
-192.282,218.69099999999997,19.621
-192.282,218.69099999999997,19.621
-192.38,219.037,19.288
-192.38,219.037,19.288
-192.475,219.37400000000002,18.913
-192.475,219.37400000000002,18.913
-192.56799999999998,219.7,18.563
-192.662,220.033,18.469
-192.662,220.033,18.469
-192.752,220.34900000000002,18.396
-192.752,220.34900000000002,18.396
-192.845,220.676,18.362000000000002
-192.845,220.676,18.362000000000002
-192.938,221.00400000000002,18.397000000000002
-192.938,221.00400000000002,18.397000000000002
-193.02700000000002,221.31799999999998,18.325
-193.02700000000002,221.31799999999998,18.325
-193.122,221.653,18.347
-193.122,221.653,18.347
-193.213,221.972,18.273
-193.213,221.972,18.273
-193.304,222.294,18.247
-193.304,222.294,18.247
-193.392,222.605,17.183
-193.476,222.899,16.317
-193.476,222.899,16.317
-193.55700000000002,223.18599999999998,15.793
-193.55700000000002,223.18599999999998,15.793
-193.635,223.463,15.487
-193.635,223.463,15.487
-193.71400000000003,223.74099999999999,15.305
-193.79,224.00799999999998,15.215
-193.79,224.00799999999998,15.215
-193.864,224.27,15.186
-193.864,224.27,15.186
-193.942,224.546,15.203
-193.942,224.546,15.203
-194.021,224.822,15.257
-194.021,224.822,15.257
-194.097,225.092,15.345
-194.097,225.092,15.345
-194.176,225.372,15.470999999999998
-194.253,225.641,15.624
-194.331,225.916,15.812000000000001
-194.412,226.202,16.033
-194.412,226.202,16.033
-194.49200000000002,226.485,16.272000000000002
-194.49200000000002,226.485,16.272000000000002
-194.57299999999998,226.77,16.526
-194.57299999999998,226.77,16.526
-194.657,227.06900000000002,16.809
-194.657,227.06900000000002,16.809
-194.74200000000002,227.368,17.115
-194.74200000000002,227.368,17.115
-194.829,227.674,17.451
-194.829,227.674,17.451
-194.916,227.982,17.813
-194.916,227.982,17.813
-195.007,228.303,18.215
-195.007,228.303,18.215
-195.101,228.635,18.655
-195.101,228.635,18.655
-195.199,228.979,18.883
-195.199,228.979,18.883
-195.296,229.322,19.102999999999998
-195.296,229.322,19.102999999999998
-195.39,229.653,19.174
-195.39,229.653,19.174
-195.486,229.993,18.692999999999998
-195.486,229.993,18.692999999999998
-195.577,230.315,18.494
-195.577,230.315,18.494
-195.674,230.655,19.011
-195.674,230.655,19.011
-195.774,231.00799999999998,18.578
-195.774,231.00799999999998,18.578
-195.87099999999998,231.34900000000002,18.965999999999998
-195.87099999999998,231.34900000000002,18.965999999999998
-195.96900000000002,231.695,19.379
-195.96900000000002,231.695,19.379
-196.067,232.043,20.136
-196.172,232.41299999999998,20.921999999999997
-196.172,232.41299999999998,20.921999999999997
-196.275,232.775,21.66
-196.275,232.775,21.66
-196.391,233.185,22.485
-196.391,233.185,22.485
-196.50400000000002,233.584,23.275
-196.50400000000002,233.584,23.275
-196.622,234.0,24.096
-196.622,234.0,24.096
-196.75099999999998,234.456,24.996
-196.75099999999998,234.456,24.996
-196.88299999999998,234.919,25.908
-196.88299999999998,234.919,25.908
-197.012,235.37599999999998,26.81
-197.012,235.37599999999998,26.81
-197.144,235.842,27.730999999999998
-197.144,235.842,27.730999999999998
-197.283,236.332,28.698
-197.428,236.84099999999998,29.694000000000003
-197.428,236.84099999999998,29.694000000000003
-197.574,237.358,30.688000000000002
-197.727,237.89700000000002,31.704
-197.727,237.89700000000002,31.704
-197.88400000000001,238.447,32.716
-197.88400000000001,238.447,32.716
-198.047,239.02200000000002,33.742
-198.047,239.02200000000002,33.742
-198.218,239.627,34.788000000000004
-198.218,239.627,34.788000000000004
-198.395,240.24900000000002,35.827
-198.395,240.24900000000002,35.827
-198.575,240.88299999999998,36.848
-198.575,240.88299999999998,36.848
-198.757,241.524,37.846
-198.757,241.524,37.846
-198.945,242.185,38.842
-198.945,242.185,38.842
-199.144,242.888,39.865
-199.144,242.888,39.865
-199.34599999999998,243.6,40.309
-199.34599999999998,243.6,40.309
-199.544,244.295,40.246
-199.544,244.295,40.246
-199.74200000000002,244.99400000000003,40.191
-199.74200000000002,244.99400000000003,40.191
-199.93599999999998,245.67700000000002,40.137
-199.93599999999998,245.67700000000002,40.137
-200.13,246.357,40.084
-200.13,246.357,40.084
-200.329,247.05900000000003,40.03
-200.329,247.05900000000003,40.03
-200.53,247.765,39.975
-200.53,247.765,39.975
-200.718,248.42700000000002,39.923
-200.91400000000002,249.11700000000002,40.661
-200.91400000000002,249.11700000000002,40.661
-201.106,249.796,41.531000000000006
-201.106,249.796,41.531000000000006
-201.312,250.52,42.39
-201.517,251.24099999999999,43.196999999999996
-201.517,251.24099999999999,43.196999999999996
-201.727,251.979,43.986999999999995
-201.727,251.979,43.986999999999995
-201.93599999999998,252.71599999999998,44.75
-201.93599999999998,252.71599999999998,44.75
-202.15599999999998,253.488,45.527
-202.15599999999998,253.488,45.527
-202.377,254.267,46.292
-202.611,255.08900000000003,47.082
-202.611,255.08900000000003,47.082
-202.832,255.86900000000003,47.815
-202.832,255.86900000000003,47.815
-203.077,256.72900000000004,48.606
-203.077,256.72900000000004,48.606
-203.291,257.48,49.283
-203.53,258.322,50.027
-203.53,258.322,50.027
-203.773,259.176,50.766000000000005
-203.773,259.176,50.766000000000005
-204.03,260.08099999999996,51.534
-204.03,260.08099999999996,51.534
-204.275,260.94,52.248000000000005
-204.275,260.94,52.248000000000005
-204.52599999999998,261.822,52.968
-204.52599999999998,261.822,52.968
-204.782,262.723,53.69
-204.782,262.723,53.69
-205.046,263.652,54.419
-205.046,263.652,54.419
-205.312,264.585,55.086999999999996
-205.312,264.585,55.086999999999996
-205.57,265.493,55.43600000000001
-205.57,265.493,55.43600000000001
-205.83599999999998,266.426,55.426
-205.83599999999998,266.426,55.426
-206.097,267.344,55.196000000000005
-206.36599999999999,268.286,54.83
-206.36599999999999,268.286,54.83
-206.615,269.161,54.593
-206.615,269.161,54.593
-206.86599999999999,270.04400000000004,54.519
-206.86599999999999,270.04400000000004,54.519
-207.115,270.91700000000003,54.446000000000005
-207.115,270.91700000000003,54.446000000000005
-207.365,271.79400000000004,54.373000000000005
-207.611,272.66,54.301
-207.611,272.66,54.301
-207.859,273.529,54.229
-207.859,273.529,54.229
-208.108,274.403,54.156000000000006
-208.108,274.403,54.156000000000006
-208.352,275.263,54.083999999999996
-208.352,275.263,54.083999999999996
-208.59400000000002,276.112,54.013999999999996
-208.834,276.953,53.396
-208.834,276.953,53.396
-209.06599999999997,277.768,52.842
-209.06599999999997,277.768,52.842
-209.304,278.605,52.302
-209.532,279.405,51.803999999999995
-209.532,279.405,51.803999999999995
-209.763,280.216,51.309
-209.763,280.216,51.309
-209.987,281.005,50.835
-209.987,281.005,50.835
-210.21599999999998,281.808,50.355
-210.21599999999998,281.808,50.355
-210.43900000000002,282.594,49.888000000000005
-210.43900000000002,282.594,49.888000000000005
-210.658,283.361,49.434
-210.868,284.101,48.997
-210.868,284.101,48.997
-211.092,284.885,48.533
-211.092,284.885,48.533
-211.298,285.612,48.104
-211.298,285.612,48.104
-211.50900000000001,286.353,47.667
-211.50900000000001,286.353,47.667
-211.726,287.117,47.216
-211.726,287.117,47.216
-211.933,287.844,46.787
-211.933,287.844,46.787
-212.139,288.567,46.36
-212.139,288.567,46.36
-212.33900000000003,289.27,45.945
-212.33900000000003,289.27,45.945
-212.52900000000002,289.937,45.552
-212.52900000000002,289.937,45.552
-212.72299999999998,290.62,45.148
-212.72299999999998,290.62,45.148
-212.918,291.307,44.743
-212.918,291.307,44.743
-213.101,291.947,44.364
-213.101,291.947,44.364
-213.28599999999997,292.598,43.98
-213.28599999999997,292.598,43.98
-213.47,293.245,43.597
-213.65200000000002,293.888,43.218
-213.65200000000002,293.888,43.218
-213.83,294.512,42.849
-213.83,294.512,42.849
-214.00799999999998,295.137,42.48
-214.00799999999998,295.137,42.48
-214.18400000000003,295.759,42.111999999999995
-214.18400000000003,295.759,42.111999999999995
-214.355,296.36,41.757
-214.355,296.36,41.757
-214.52599999999998,296.961,41.401
-214.52599999999998,296.961,41.401
-214.702,297.579,41.036
-214.702,297.579,41.036
-214.872,298.178,40.681999999999995
-214.872,298.178,40.681999999999995
-215.05,298.80400000000003,40.312
-215.21599999999998,299.38599999999997,39.967
-215.21599999999998,299.38599999999997,39.967
-215.378,299.95799999999997,39.629
-215.378,299.95799999999997,39.629
-215.537,300.518,39.298
-215.696,301.077,38.967
-215.85299999999998,301.628,38.641
-215.85299999999998,301.628,38.641
-216.00900000000001,302.17900000000003,38.315
-216.00900000000001,302.17900000000003,38.315
-216.165,302.725,37.991
-216.32,303.27,37.669000000000004
-216.32,303.27,37.669000000000004
-216.467,303.789,37.361999999999995
-216.467,303.789,37.361999999999995
-216.61599999999999,304.312,36.808
-216.764,304.835,35.769
-216.903,305.322,34.073
-216.903,305.322,34.073
-217.032,305.777,31.544
-217.032,305.777,31.544
-217.15400000000002,306.205,28.750999999999998
-217.262,306.58799999999997,25.995
-217.262,306.58799999999997,25.995
-217.358,306.925,23.3
-217.358,306.925,23.3
-217.447,307.238,20.476
-217.447,307.238,20.476
-217.52200000000002,307.501,17.75
-217.59,307.741,15.692
-217.59,307.741,15.692
-217.649,307.95099999999996,15.189
-217.649,307.95099999999996,15.189
-217.71,308.165,15.174000000000001
-217.71,308.165,15.174000000000001
-217.771,308.382,15.259
-217.771,308.382,15.259
-217.832,308.595,15.292
-217.832,308.595,15.292
-217.891,308.805,15.255999999999998
-217.891,308.805,15.255999999999998
-217.954,309.025,15.177999999999999
-217.954,309.025,15.177999999999999
-218.015,309.243,15.078
-218.076,309.455,14.969000000000001
-218.13400000000001,309.66200000000003,14.855
-218.13400000000001,309.66200000000003,14.855
-218.192,309.86400000000003,14.741
-218.192,309.86400000000003,14.741
-218.252,310.07599999999996,14.62
-218.252,310.07599999999996,14.62
-218.308,310.277,14.504000000000001
-218.308,310.277,14.504000000000001
-218.36700000000002,310.483,14.383
-218.36700000000002,310.483,14.383
-218.424,310.684,14.265999999999998
-218.424,310.684,14.265999999999998
-218.481,310.885,14.148
-218.481,310.885,14.148
-218.53599999999997,311.079,14.035
-218.53599999999997,311.079,14.035
-218.59099999999998,311.27299999999997,13.921
-218.59099999999998,311.27299999999997,13.921
-218.648,311.473,13.804
-218.702,311.666,13.692
-218.702,311.666,13.692
-218.755,311.853,13.582
-218.808,312.038,13.474
-218.861,312.224,13.364
-218.861,312.224,13.364
-218.91,312.399,13.262
-218.96099999999998,312.578,13.157
-218.96099999999998,312.578,13.157
-219.014,312.767,13.049000000000001
-219.014,312.767,13.049000000000001
-219.06400000000002,312.941,12.954
-219.06400000000002,312.941,12.954
-219.115,313.122,12.863
-219.115,313.122,12.863
-219.166,313.301,12.782
-219.166,313.301,12.782
-219.21599999999998,313.47900000000004,12.712
-219.21599999999998,313.47900000000004,12.712
-219.266,313.654,12.655
-219.266,313.654,12.655
-219.31599999999997,313.832,12.607999999999999
-219.31599999999997,313.832,12.607999999999999
-219.36900000000003,314.019,12.585999999999999
-219.36900000000003,314.019,12.585999999999999
-219.42,314.197,12.574000000000002
-219.42,314.197,12.574000000000002
-219.47099999999998,314.378,12.562000000000001
-219.519,314.548,12.550999999999998
-219.519,314.548,12.550999999999998
-219.56799999999998,314.721,12.539000000000001
-219.56799999999998,314.721,12.539000000000001
-219.61700000000002,314.892,12.527999999999999
-219.667,315.068,12.515999999999998
-219.667,315.068,12.515999999999998
-219.715,315.23900000000003,12.504000000000001
-219.715,315.23900000000003,12.504000000000001
-219.764,315.411,12.493
-219.764,315.411,12.493
-219.813,315.584,12.481
-219.861,315.753,12.167
-219.861,315.753,12.167
-219.908,315.918,12.014000000000001
-219.908,315.918,12.014000000000001
-219.953,316.079,11.98
-219.953,316.079,11.98
-220.003,316.256,12.025
-220.047,316.409,12.11
-220.047,316.409,12.11
-220.09400000000002,316.57599999999996,12.237
-220.09400000000002,316.57599999999996,12.237
-220.141,316.741,12.386
-220.141,316.741,12.386
-220.18900000000002,316.91,12.557
-220.238,317.08299999999997,12.749
-220.238,317.08299999999997,12.749
-220.28900000000002,317.264,12.966
-220.28900000000002,317.264,12.966
-220.342,317.45099999999996,13.202
-220.342,317.45099999999996,13.202
-220.394,317.634,13.445
-220.394,317.634,13.445
-220.449,317.827,13.712
-220.449,317.827,13.712
-220.50400000000002,318.02099999999996,13.939
-220.50400000000002,318.02099999999996,13.939
-220.558,318.212,13.999
-220.558,318.212,13.999
-220.613,318.406,13.944
-220.613,318.406,13.944
-220.667,318.596,13.825999999999999
-220.667,318.596,13.825999999999999
-220.72,318.785,13.672
-220.72,318.785,13.672
-220.77200000000002,318.967,13.504000000000001
-220.77200000000002,318.967,13.504000000000001
-220.822,319.144,13.33
-220.822,319.144,13.33
-220.873,319.324,13.147
-220.873,319.324,13.147
-220.923,319.499,12.965
-220.923,319.499,12.965
-220.97299999999998,319.677,12.777999999999999
-220.97299999999998,319.677,12.777999999999999
-221.023,319.851,12.594000000000001
-221.07,320.01599999999996,12.418
-221.07,320.01599999999996,12.418
-221.11599999999999,320.181,12.242
-221.11599999999999,320.181,12.242
-221.16299999999998,320.345,12.068
-221.209,320.507,11.890999999999998
-221.209,320.507,11.890999999999998
-221.253,320.663,11.729000000000001
-221.253,320.663,11.729000000000001
-221.3,320.828,11.633
-221.34400000000002,320.98400000000004,11.622
-221.34400000000002,320.98400000000004,11.622
-221.387,321.137,11.612
-221.43099999999998,321.29200000000003,11.602
-221.43099999999998,321.29200000000003,11.602
-221.47299999999998,321.441,11.592
-221.47299999999998,321.441,11.592
-221.518,321.597,11.581
-221.56400000000002,321.759,11.571
-221.56400000000002,321.759,11.571
-221.607,321.911,11.56
-221.607,321.911,11.56
-221.65099999999998,322.068,11.55
-221.65099999999998,322.068,11.55
-221.695,322.223,11.54
-221.695,322.223,11.54
-221.74,322.38,11.152000000000001
-221.78099999999998,322.526,10.503
-221.78099999999998,322.526,10.503
-221.81900000000002,322.659,10.137
-221.859,322.801,9.914
-221.89700000000002,322.935,9.808
-221.89700000000002,322.935,9.808
-221.93400000000003,323.066,9.77
-221.93400000000003,323.066,9.77
-221.97099999999998,323.198,9.775
-222.00900000000001,323.33099999999996,9.812000000000001
-222.00900000000001,323.33099999999996,9.812000000000001
-222.047,323.46299999999997,9.876
-222.047,323.46299999999997,9.876
-222.085,323.599,9.965
-222.12400000000002,323.73400000000004,10.072000000000001
-222.12400000000002,323.73400000000004,10.072000000000001
-222.162,323.869,10.198
-222.201,324.009,10.345
-222.201,324.009,10.345
-222.24,324.145,10.504000000000001
-222.28,324.286,10.682
-222.28,324.286,10.682
-222.321,324.43,10.876
-222.321,324.43,10.876
-222.364,324.58299999999997,11.094000000000001
-222.364,324.58299999999997,11.094000000000001
-222.408,324.737,11.327
-222.451,324.889,11.57
-222.451,324.889,11.57
-222.49400000000003,325.043,11.828
-222.49400000000003,325.043,11.828
-222.54,325.203,12.11
-222.54,325.203,12.11
-222.58700000000002,325.37,12.413
-222.58700000000002,325.37,12.413
-222.637,325.54400000000004,12.743
-222.688,325.72700000000003,13.102
-222.688,325.72700000000003,13.102
-222.74200000000002,325.915,13.48
-222.74200000000002,325.915,13.48
-222.796,326.107,13.875
-222.851,326.3,14.282
-222.851,326.3,14.282
-222.907,326.499,14.71
-222.907,326.499,14.71
-222.96599999999998,326.70599999999996,15.164000000000001
-222.96599999999998,326.70599999999996,15.164000000000001
-223.02900000000002,326.93,15.659
-223.02900000000002,326.93,15.659
-223.093,327.154,15.822000000000001
-223.093,327.154,15.822000000000001
-223.153,327.365,15.808
-223.153,327.365,15.808
-223.21599999999998,327.589,15.793
-223.275,327.798,15.777999999999999
-223.333,328.00199999999995,15.764000000000001
-223.333,328.00199999999995,15.764000000000001
-223.393,328.213,15.75
-223.393,328.213,15.75
-223.455,328.43,15.735
-223.455,328.43,15.735
-223.517,328.649,15.72
-223.517,328.649,15.72
-223.579,328.86699999999996,15.705
-223.579,328.86699999999996,15.705
-223.638,329.077,15.690999999999999
-223.696,329.28,16.026
-223.696,329.28,16.026
-223.75900000000001,329.50300000000004,16.662
-223.75900000000001,329.50300000000004,16.662
-223.825,329.736,17.315
-223.825,329.736,17.315
-223.893,329.975,17.979
-223.893,329.975,17.979
-223.963,330.221,18.656
-223.963,330.221,18.656
-224.043,330.505,19.435
-224.043,330.505,19.435
-224.109,330.73800000000006,20.038
-224.18400000000003,331.00199999999995,20.529
-224.18400000000003,331.00199999999995,20.529
-224.26,331.269,20.750999999999998
-224.26,331.269,20.750999999999998
-224.34,331.55199999999996,20.776999999999997
-224.416,331.82099999999997,20.680999999999997
-224.416,331.82099999999997,20.680999999999997
-224.49099999999999,332.085,20.513
-224.49099999999999,332.085,20.513
-224.56799999999998,332.35699999999997,20.305999999999997
-224.644,332.62199999999996,20.037
-224.644,332.62199999999996,20.037
-224.715,332.874,19.804000000000002
-224.78799999999998,333.13300000000004,19.448
-224.78799999999998,333.13300000000004,19.448
-224.859,333.381,19.221
-224.93099999999998,333.634,18.858
-224.93099999999998,333.634,18.858
-225.0,333.87699999999995,18.635
-225.0,333.87699999999995,18.635
-225.07,334.125,18.402
-225.135,334.356,18.089000000000002
-225.135,334.356,18.089000000000002
-225.201,334.586,17.875999999999998
-225.201,334.586,17.875999999999998
-225.269,334.827,17.651
-225.269,334.827,17.651
-225.335,335.06,17.423
-225.335,335.06,17.423
-225.39700000000002,335.30199999999996,17.119
-225.446,335.526,16.866
-225.446,335.526,16.866
-225.49099999999999,335.74699999999996,16.632
-225.49099999999999,335.74699999999996,16.632
-225.53400000000002,335.967,16.403
-225.567,336.184,16.082
-225.567,336.184,16.082
-225.59099999999998,336.399,15.818
-225.59099999999998,336.399,15.818
-225.61,336.61400000000003,15.585999999999999
-225.62400000000002,336.839,15.547
-225.62400000000002,336.839,15.547
-225.628,337.033,15.409
-225.623,337.24300000000005,15.325
-225.623,337.24300000000005,15.325
-225.61,337.44699999999995,15.29
-225.59099999999998,337.65,15.265999999999998
-225.59099999999998,337.65,15.265999999999998
-225.562,337.85400000000004,15.081
-225.562,337.85400000000004,15.081
-225.52,338.05400000000003,14.985999999999999
-225.52,338.05400000000003,14.985999999999999
-225.48,338.265,15.069
-225.48,338.265,15.069
-225.458,338.473,14.94
-225.447,338.673,14.909
-225.447,338.673,14.909
-225.438,338.865,14.34
-225.438,338.865,14.34
-225.43,339.059,13.495
-225.422,339.25,12.825
-225.422,339.25,12.825
-225.415,339.41,12.35
-225.415,339.41,12.35
-225.40900000000002,339.574,11.92
-225.40900000000002,339.574,11.92
-225.40200000000002,339.733,11.534
-225.396,339.88,11.200999999999999
-225.396,339.88,11.200999999999999
-225.39,340.026,10.880999999999998
-225.38400000000001,340.17199999999997,10.567
-225.38400000000001,340.17199999999997,10.567
-225.37900000000002,340.30800000000005,10.280999999999999
-225.37900000000002,340.30800000000005,10.280999999999999
-225.373,340.452,9.982000000000001
-225.373,340.452,9.982000000000001
-225.36700000000002,340.593,9.691
-225.36700000000002,340.593,9.691
-225.362,340.726,9.417
-225.357,340.848,9.168
-225.357,340.848,9.168
-225.352,340.969,8.918
-225.352,340.969,8.918
-225.347,341.092,8.668
-225.347,341.092,8.668
-225.342,341.20599999999996,8.435
-225.342,341.20599999999996,8.435
-225.333,341.32,8.168
-225.333,341.32,8.168
-225.321,341.426,7.945
-225.31,341.527,7.7379999999999995
-225.31,341.527,7.7379999999999995
-225.297,341.625,7.537000000000001
-225.297,341.625,7.537000000000001
-225.285,341.724,7.334
-225.285,341.724,7.334
-225.268,341.82099999999997,7.082999999999999
-225.268,341.82099999999997,7.082999999999999
-225.24900000000002,341.914,6.886
-225.23,342.0,6.709
-225.23,342.0,6.709
-225.21099999999998,342.084,6.534
-225.21099999999998,342.084,6.534
-225.18900000000002,342.163,6.308
-225.18900000000002,342.163,6.308
-225.162,342.24699999999996,6.121
-225.162,342.24699999999996,6.121
-225.136,342.325,5.957999999999999
-225.136,342.325,5.957999999999999
-225.115,342.406,5.803999999999999
-225.115,342.406,5.803999999999999
-225.104,342.481,5.6370000000000005
-225.104,342.481,5.6370000000000005
-225.09400000000002,342.555,5.571000000000001
-225.084,342.62699999999995,5.566
-225.084,342.62699999999995,5.566
-225.074,342.699,5.561
-225.06400000000002,342.769,5.557
-225.06400000000002,342.769,5.557
-225.054,342.841,5.553
-225.054,342.841,5.553
-225.044,342.916,5.547999999999999
-225.044,342.916,5.547999999999999
-225.03400000000002,342.991,5.542999999999999
-225.03400000000002,342.991,5.542999999999999
-225.024,343.064,5.539
-225.024,343.064,5.539
-225.014,343.13599999999997,5.534
-225.014,343.13599999999997,5.534
-225.003,343.212,5.529
-225.003,343.212,5.529
-224.99,343.285,5.501
-224.99,343.285,5.501
-224.975,343.35400000000004,4.623
-224.975,343.35400000000004,4.623
-224.963,343.412,4.066
-224.963,343.412,4.066
-224.952,343.461,3.4930000000000003
-224.952,343.461,3.4930000000000003
-224.94099999999997,343.501,2.969
-224.94099999999997,343.501,2.969
-224.93099999999998,343.536,2.541
-224.93099999999998,343.536,2.541
-224.922,343.565,2.2159999999999997
-224.91400000000002,343.591,2.028
-224.91400000000002,343.591,2.028
-224.905,343.616,1.99
-224.905,343.616,1.99
-224.895,343.64300000000003,2.213
-224.895,343.64300000000003,2.213
-224.88299999999998,343.673,2.41
-224.87099999999998,343.702,2.418
-224.857,343.733,2.681
-224.857,343.733,2.681
-224.842,343.764,2.861
-224.842,343.764,2.861
-224.828,343.801,3.1319999999999997
-224.828,343.801,3.1319999999999997
-224.81799999999998,343.845,3.34
-224.81799999999998,343.845,3.34
-224.80900000000003,343.89,3.405
-224.80900000000003,343.89,3.405
-224.799,343.93699999999995,3.682
-224.799,343.93699999999995,3.682
-224.79,343.986,3.905
-224.79,343.986,3.905
-224.77900000000002,344.04,4.206
-224.77900000000002,344.04,4.206
-224.768,344.098,4.467
-224.768,344.098,4.467
-224.75599999999997,344.159,4.815
-224.75599999999997,344.159,4.815
-224.74200000000002,344.227,5.164
-224.74200000000002,344.227,5.164
-224.72799999999998,344.3,5.565
-224.72799999999998,344.3,5.565
-224.713,344.376,6.029
-224.713,344.376,6.029
-224.697,344.459,6.532
-224.697,344.459,6.532
-224.679,344.55,7.075
-224.679,344.55,7.075
-224.66,344.64599999999996,7.624
-224.66,344.64599999999996,7.624
-224.63400000000001,344.75300000000004,8.132
-224.63400000000001,344.75300000000004,8.132
-224.605,344.861,8.625
-224.605,344.861,8.625
-224.574,344.975,9.116
-224.574,344.975,9.116
-224.53900000000002,345.097,9.623
-224.53900000000002,345.097,9.623
-224.49900000000002,345.22,9.754
-224.49900000000002,345.22,9.754
-224.454,345.341,9.728
-224.454,345.341,9.728
-224.40400000000002,345.47,9.716000000000001
-224.358,345.585,9.708
-224.304,345.704,9.605
-224.304,345.704,9.605
-224.24400000000003,345.82300000000004,9.573
-224.18400000000003,345.936,9.561
-224.18400000000003,345.936,9.561
-224.123,346.045,9.552
-224.05900000000003,346.147,9.432
-224.05900000000003,346.147,9.432
-223.989,346.24699999999996,9.389
-223.989,346.24699999999996,9.389
-223.91299999999998,346.35,9.375
-223.91299999999998,346.35,9.375
-223.827,346.462,10.269
-223.827,346.462,10.269
-223.735,346.57,10.958
-223.627,346.681,11.753
-223.627,346.681,11.753
-223.50599999999997,346.798,12.597999999999999
-223.50599999999997,346.798,12.597999999999999
-223.368,346.92199999999997,13.479000000000001
-223.368,346.92199999999997,13.479000000000001
-223.21900000000002,347.04,14.127
-223.055,347.164,15.189
-223.055,347.164,15.189
-222.88299999999998,347.31699999999995,15.868
-222.88299999999998,347.31699999999995,15.868
-222.726,347.48699999999997,16.002
-222.726,347.48699999999997,16.002
-222.585,347.652,15.974
-222.585,347.652,15.974
-222.43900000000002,347.82599999999996,15.782
-222.27700000000002,348.00800000000004,15.409
-222.27700000000002,348.00800000000004,15.409
-222.12,348.173,15.022
-222.12,348.173,15.022
-221.959,348.338,14.602
-221.959,348.338,14.602
-221.8,348.49699999999996,14.171
-221.8,348.49699999999996,14.171
-221.649,348.63699999999994,13.679
-221.49599999999998,348.767,13.25
-221.49599999999998,348.767,13.25
-221.347,348.88699999999994,12.864
-221.347,348.88699999999994,12.864
-221.19799999999998,349.00300000000004,12.482000000000001
-221.19799999999998,349.00300000000004,12.482000000000001
-221.044,349.11199999999997,11.987
-221.044,349.11199999999997,11.987
-220.894,349.20599999999996,11.603
-220.894,349.20599999999996,11.603
-220.748,349.292,11.26
-220.748,349.292,11.26
-220.601,349.36800000000005,10.796
-220.601,349.36800000000005,10.796
-220.454,349.434,10.444
-220.454,349.434,10.444
-220.305,349.495,10.122
-220.16099999999997,349.548,9.814
-220.16099999999997,349.548,9.814
-220.023,349.59,9.385
-219.885,349.62199999999996,9.078
-219.885,349.62199999999996,9.078
-219.74900000000002,349.648,8.982000000000001
-219.612,349.671,8.97
-219.612,349.671,8.97
-219.47799999999998,349.68300000000005,8.793
-219.47799999999998,349.68300000000005,8.793
-219.328,349.70099999999996,8.964
-219.328,349.70099999999996,8.964
-219.183,349.74300000000005,8.89
-219.183,349.74300000000005,8.89
-219.03400000000002,349.80199999999996,8.861
-219.03400000000002,349.80199999999996,8.861
-218.889,349.861,8.851
-218.889,349.861,8.851
-218.738,349.923,8.84
-218.738,349.923,8.84
-218.58900000000003,349.98400000000004,7.9
-218.58900000000003,349.98400000000004,7.9
-218.465,350.035,6.7170000000000005
-218.465,350.035,6.7170000000000005
-218.36,350.07800000000003,6.068
-218.26,350.119,5.662999999999999
-218.26,350.119,5.662999999999999
-218.17,350.155,5.282
-218.17,350.155,5.282
-218.081,350.19199999999995,5.086
-218.081,350.19199999999995,5.086
-217.995,350.227,4.9239999999999995
-217.91,350.26199999999994,4.776
-217.91,350.26199999999994,4.776
-217.834,350.293,4.559
-217.834,350.293,4.559
-217.75599999999997,350.325,4.551
-217.75599999999997,350.325,4.551
-217.675,350.358,4.54
-217.675,350.358,4.54
-217.59900000000002,350.385,4.369
-217.59900000000002,350.385,4.369
-217.519,350.411,4.507
-217.519,350.411,4.507
-217.437,350.43699999999995,4.6530000000000005
-217.437,350.43699999999995,4.6530000000000005
-217.357,350.459,4.546
-217.357,350.459,4.546
-217.271,350.47900000000004,4.79
-217.271,350.47900000000004,4.79
-217.18400000000003,350.50800000000004,5.024
-217.18400000000003,350.50800000000004,5.024
-217.093,350.542,5.292000000000001
-217.093,350.542,5.292000000000001
-216.997,350.577,5.522
-216.997,350.577,5.522
-216.90200000000002,350.61300000000006,5.587000000000001
-216.90200000000002,350.61300000000006,5.587000000000001
-216.799,350.651,5.986000000000001
-216.799,350.651,5.986000000000001
-216.688,350.69199999999995,6.388999999999999
-216.688,350.69199999999995,6.388999999999999
-216.575,350.73400000000004,6.609
-216.575,350.73400000000004,6.609
-216.455,350.779,7.081
-216.455,350.779,7.081
-216.326,350.827,7.519
-216.326,350.827,7.519
-216.18400000000003,350.88,7.956
-216.18400000000003,350.88,7.956
-216.04,350.934,8.398
-216.04,350.934,8.398
-215.887,350.991,8.885
-215.72400000000002,351.051,9.39
-215.72400000000002,351.051,9.39
-215.55700000000002,351.106,9.854
-215.55700000000002,351.106,9.854
-215.37099999999998,351.16,9.946
-215.37099999999998,351.16,9.946
-215.19099999999997,351.21,10.016
-215.19099999999997,351.21,10.016
-215.005,351.25300000000004,10.016
-214.82299999999998,351.288,10.094
-214.82299999999998,351.288,10.094
-214.644,351.334,10.116
-214.644,351.334,10.116
-214.46099999999998,351.389,10.169
-214.46099999999998,351.389,10.169
-214.27700000000002,351.445,10.2
-214.27700000000002,351.445,10.2
-214.088,351.50199999999995,10.8
-214.088,351.50199999999995,10.8
-213.88400000000001,351.564,11.743
-213.88400000000001,351.564,11.743
-213.666,351.63,12.635
-213.666,351.63,12.635
-213.416,351.707,13.584000000000001
-213.416,351.707,13.584000000000001
-213.165,351.783,14.485
-213.165,351.783,14.485
-212.894,351.866,15.431
-212.894,351.866,15.431
-212.607,351.954,16.402
-212.607,351.954,16.402
-212.29,352.051,17.449
-212.29,352.051,17.449
-211.958,352.153,18.522000000000002
-211.958,352.153,18.522000000000002
-211.614,352.259,19.607
-211.245,352.37300000000005,20.741999999999997
-211.245,352.37300000000005,20.741999999999997
-210.87,352.48800000000006,21.874000000000002
-210.87,352.48800000000006,21.874000000000002
-210.449,352.61699999999996,23.119
-210.449,352.61699999999996,23.119
-210.015,352.751,24.363000000000003
-210.015,352.751,24.363000000000003
-209.56,352.89099999999996,25.619
-209.56,352.89099999999996,25.619
-209.08700000000002,353.036,26.87
-208.593,353.17400000000004,27.996
-208.593,353.17400000000004,27.996
-208.06799999999998,353.30199999999996,29.205
-207.52700000000002,353.42,30.406
-207.52700000000002,353.42,30.406
-206.967,353.548,31.581999999999997
-206.373,353.689,32.809
-206.373,353.689,32.809
-205.757,353.833,34.015
-205.757,353.833,34.015
-205.109,353.985,35.22
-205.109,353.985,35.22
-204.477,354.13300000000004,35.154
-204.477,354.13300000000004,35.154
-203.833,354.284,35.099000000000004
-203.203,354.431,35.052
-203.203,354.431,35.052
-202.551,354.583,35.003
-202.551,354.583,35.003
-201.9,354.735,34.954
-201.9,354.735,34.954
-201.22799999999998,354.892,34.904
-201.22799999999998,354.892,34.904
-200.562,355.04699999999997,34.854
-200.562,355.04699999999997,34.854
-199.908,355.2,35.703
-199.908,355.2,35.703
-199.257,355.352,36.417
-199.257,355.352,36.417
-198.577,355.526,36.415
-197.921,355.69800000000004,36.176
-197.921,355.69800000000004,36.176
-197.274,355.86400000000003,35.756
-196.64,356.028,35.24
-196.64,356.028,35.24
-196.028,356.186,34.684
-196.028,356.186,34.684
-195.399,356.349,34.079
-195.399,356.349,34.079
-194.78599999999997,356.50800000000004,33.469
-194.78599999999997,356.50800000000004,33.469
-194.205,356.659,32.878
-194.205,356.659,32.878
-193.62400000000002,356.809,32.283
-193.058,356.95599999999996,31.698
-193.058,356.95599999999996,31.698
-192.498,357.102,31.116999999999997
-191.945,357.245,30.543000000000003
-191.945,357.245,30.543000000000003
-191.429,357.379,30.005
-191.429,357.379,30.005
-190.898,357.517,29.451
-190.898,357.517,29.451
-190.38299999999998,357.65,28.914
-190.38299999999998,357.65,28.914
-189.861,357.786,28.368000000000002
-189.861,357.786,28.368000000000002
-189.372,357.912,27.857
-189.372,357.912,27.857
-188.894,358.037,27.355999999999998
-188.894,358.037,27.355999999999998
-188.419,358.16,26.859
-188.419,358.16,26.859
-187.96099999999998,358.279,26.386
-187.96099999999998,358.279,26.386
-187.497,358.399,25.92
-187.497,358.399,25.92
-187.05,358.515,25.491
-187.05,358.515,25.491
-186.584,358.63599999999997,25.068
-186.584,358.63599999999997,25.068
-186.142,358.75,24.69
-185.722,358.85900000000004,24.355
-185.722,358.85900000000004,24.355
-185.308,358.966,24.05
-185.308,358.966,24.05
-184.893,359.074,23.766
-184.893,359.074,23.766
-184.47099999999998,359.18300000000005,23.500999999999998
-184.47099999999998,359.18300000000005,23.500999999999998
-184.05700000000002,359.291,23.266
-184.05700000000002,359.291,23.266
-183.645,359.397,23.061999999999998
-183.645,359.397,23.061999999999998
-183.234,359.504,22.875
-183.234,359.504,22.875
-182.83,359.60900000000004,22.714000000000002
-182.83,359.60900000000004,22.714000000000002
-182.40900000000002,359.718,22.599
-182.40900000000002,359.718,22.599
-182.014,359.82,22.495
-182.014,359.82,22.495
-181.628,359.921,22.398000000000003
-181.239,360.02099999999996,22.329
-181.239,360.02099999999996,22.329
-180.856,360.121,22.296
-180.856,360.121,22.296
-180.47099999999998,360.22,22.289
-180.47099999999998,360.22,22.289
-180.088,360.32,22.305999999999997
-179.705,360.41900000000004,22.351
-179.705,360.41900000000004,22.351
-179.325,360.51800000000003,22.423000000000002
-179.325,360.51800000000003,22.423000000000002
-178.896,360.629,22.546
-178.896,360.629,22.546
-178.502,360.731,22.674
-178.502,360.731,22.674
-178.104,360.834,22.8
-178.104,360.834,22.8
-177.71200000000002,360.936,22.959
-177.71200000000002,360.936,22.959
-177.324,361.036,23.155
-176.922,361.14,23.377
-176.922,361.14,23.377
-176.523,361.244,23.629
-176.123,361.348,23.910999999999998
-176.123,361.348,23.910999999999998
-175.727,361.45,24.213
-175.303,361.56,24.543000000000003
-175.303,361.56,24.543000000000003
-174.88099999999997,361.66900000000004,24.884
-174.88099999999997,361.66900000000004,24.884
-174.456,361.78,25.03
-174.456,361.78,25.03
-174.025,361.89099999999996,24.959
-174.025,361.89099999999996,24.959
-173.604,362.001,24.918000000000003
-173.604,362.001,24.918000000000003
-173.18400000000003,362.10900000000004,24.886999999999997
-172.733,362.226,25.013
-172.733,362.226,25.013
-172.31799999999998,362.334,25.006999999999998
-172.31799999999998,362.334,25.006999999999998
-171.861,362.452,24.877
-171.861,362.452,24.877
-171.446,362.56,24.819000000000003
-171.446,362.56,24.819000000000003
-171.00599999999997,362.67400000000004,25.018
-171.00599999999997,362.67400000000004,25.018
-170.581,362.784,25.483
-170.581,362.784,25.483
-170.132,362.901,25.971
-170.132,362.901,25.971
-169.683,363.017,26.469
-169.222,363.13699999999994,26.993000000000002
-169.222,363.13699999999994,26.993000000000002
-168.75,363.259,27.541
-168.75,363.259,27.541
-168.269,363.384,28.108
-168.269,363.384,28.108
-167.769,363.514,28.705
-167.769,363.514,28.705
-167.252,363.648,29.331
-167.252,363.648,29.331
-166.736,363.782,29.964000000000002
-166.736,363.782,29.964000000000002
-166.215,363.917,30.614
-166.215,363.917,30.614
-165.676,364.05699999999996,31.295
-165.676,364.05699999999996,31.295
-165.123,364.2,32.004
-165.123,364.2,32.004
-164.567,364.344,32.721
-164.007,364.49,33.44
-164.007,364.49,33.44
-163.437,364.63800000000003,34.165
-162.856,364.788,34.893
-162.856,364.788,34.893
-162.257,364.944,35.632
-162.257,364.944,35.632
-161.624,365.124,36.279
-161.624,365.124,36.279
-161.017,365.298,37.008
-161.017,365.298,37.008
-160.398,365.473,37.742
-160.398,365.473,37.742
-159.747,365.657,38.5
-159.747,365.657,38.5
-159.08700000000002,365.845,39.251
-159.08700000000002,365.845,39.251
-158.43200000000002,366.031,39.983000000000004
-158.43200000000002,366.031,39.983000000000004
-157.754,366.225,40.303000000000004
-157.083,366.417,40.246
-157.083,366.417,40.246
-156.44,366.6,40.195
-156.44,366.6,40.195
-155.789,366.786,40.145
-155.789,366.786,40.145
-155.11,366.981,40.092
-154.457,367.167,40.041
-153.786,367.35900000000004,39.989000000000004
-153.786,367.35900000000004,39.989000000000004
-153.158,367.538,39.94
-153.158,367.538,39.94
-152.513,367.723,40.003
-151.865,367.908,40.429
-151.865,367.908,40.429
-151.202,368.098,40.966
-151.202,368.098,40.966
-150.529,368.29,41.571000000000005
-150.529,368.29,41.571000000000005
-149.841,368.486,42.223
-149.153,368.68300000000005,42.895
-149.153,368.68300000000005,42.895
-148.472,368.87800000000004,43.567
-148.472,368.87800000000004,43.567
-147.744,369.086,44.286
-147.744,369.086,44.286
-147.014,369.295,45.005
-147.014,369.295,45.005
-146.284,369.50300000000004,45.718
-146.284,369.50300000000004,45.718
-145.53,369.719,46.446999999999996
-144.773,369.936,47.168
-144.773,369.936,47.168
-144.007,370.155,47.886
-144.007,370.155,47.886
-143.214,370.38199999999995,48.61600000000001
-143.214,370.38199999999995,48.61600000000001
-142.412,370.611,49.342
-141.642,370.83099999999996,50.025
-141.642,370.83099999999996,50.025
-140.82299999999998,371.05199999999996,50.608999999999995
-140.82299999999998,371.05199999999996,50.608999999999995
-140.009,371.251,51.21
-140.009,371.251,51.21
-139.15,371.458,51.931000000000004
-138.31799999999998,371.657,52.619
-138.31799999999998,371.657,52.619
-137.451,371.861,53.318999999999996
-137.451,371.861,53.318999999999996
-136.556,372.06699999999995,54.027
-136.556,372.06699999999995,54.027
-135.65200000000002,372.27099999999996,54.727
-135.65200000000002,372.27099999999996,54.727
-134.70600000000002,372.483,55.446000000000005
-134.70600000000002,372.483,55.446000000000005
-133.739,372.69800000000004,56.168
-133.739,372.69800000000004,56.168
-132.849,372.895,56.681999999999995
-131.923,373.1,56.61
-131.923,373.1,56.61
-130.96,373.31300000000005,56.53
-130.96,373.31300000000005,56.53
-130.05700000000002,373.524,56.345
-130.05700000000002,373.524,56.345
-129.082,373.777,56.156000000000006
-129.082,373.777,56.156000000000006
-128.166,374.019,56.077
-128.166,374.019,56.077
-127.271,374.259,56.001000000000005
-127.271,374.259,56.001000000000005
-126.381,374.50199999999995,55.924
-126.381,374.50199999999995,55.924
-125.501,374.74800000000005,55.848
-125.501,374.74800000000005,55.848
-124.60700000000001,375.001,56.181000000000004
-124.60700000000001,375.001,56.181000000000004
-123.73,375.25199999999995,56.688
-122.854,375.504,57.214
-122.854,375.504,57.214
-121.995,375.75300000000004,57.739
-121.111,376.01,58.282
-121.111,376.01,58.282
-120.2,376.275,58.842
-119.335,376.527,59.371
-118.436,376.789,59.917
-118.436,376.789,59.917
-117.495,377.064,60.482
-117.495,377.064,60.482
-116.571,377.333,61.03
-116.571,377.333,61.03
-115.64,377.605,61.577
-115.64,377.605,61.577
-114.708,377.87699999999995,62.117
-114.708,377.87699999999995,62.117
-113.686,378.162,62.568999999999996
-113.686,378.162,62.568999999999996
-112.72200000000001,378.42400000000004,63.12
-112.72200000000001,378.42400000000004,63.12
-111.676,378.708,63.706
-111.676,378.708,63.706
-110.693,378.973,64.247
-110.693,378.973,64.247
-109.681,379.241,64.795
-109.681,379.241,64.795
-108.641,379.514,65.351
-108.641,379.514,65.351
-107.59700000000001,379.786,65.903
-107.59700000000001,379.786,65.903
-106.552,380.05699999999996,66.447
-106.552,380.05699999999996,66.447
-105.538,380.31800000000004,66.969
-105.538,380.31800000000004,66.969
-104.484,380.589,67.50399999999999
-104.484,380.589,67.50399999999999
-103.458,380.852,68.01899999999999
-103.458,380.852,68.01899999999999
-102.39,381.125,68.54899999999999
-102.39,381.125,68.54899999999999
-101.334,381.395,69.066
-101.334,381.395,69.066
-100.25299999999999,381.67199999999997,69.59
-99.20200000000001,381.95099999999996,69.976
-99.20200000000001,381.95099999999996,69.976
-98.12,382.245,70.5
-98.12,382.245,70.5
-97.036,382.54,71.012
-97.036,382.54,71.012
-95.914,382.849,71.535
-95.914,382.849,71.535
-94.792,383.162,72.05199999999999
-94.792,383.162,72.05199999999999
-93.685,383.474,72.557
-93.685,383.474,72.557
-92.556,383.79400000000004,73.067
-91.53399999999999,384.087,73.524
-91.53399999999999,384.087,73.524
-90.51299999999999,384.38,73.975
-90.51299999999999,384.38,73.975
-89.436,384.691,74.44800000000001
-88.381,384.99699999999996,74.905
-88.381,384.99699999999996,74.905
-87.31299999999999,385.306,75.36399999999999
-87.31299999999999,385.306,75.36399999999999
-86.23700000000001,385.619,75.821
-86.23700000000001,385.619,75.821
-85.12100000000001,385.944,76.291
-85.12100000000001,385.944,76.291
-84.01799999999999,386.254,76.638
-84.01799999999999,386.254,76.638
-82.852,386.577,77.126
-82.852,386.577,77.126
-81.66199999999999,386.905,77.613
-81.66199999999999,386.905,77.613
-80.51899999999999,387.218,78.074
-79.37,387.528,78.531
-79.37,387.528,78.531
-78.22800000000001,387.833,78.98100000000001
-77.097,388.13199999999995,79.422
-77.097,388.13199999999995,79.422
-75.884,388.45,79.891
-75.884,388.45,79.891
-74.7,388.759,80.344
-74.7,388.759,80.344
-73.48100000000001,389.075,80.806
-73.48100000000001,389.075,80.806
-72.306,389.37800000000004,81.24600000000001
-72.306,389.37800000000004,81.24600000000001
-71.096,389.69,81.695
-69.908,389.995,82.132
-69.908,389.995,82.132
-68.671,390.31199999999995,82.58200000000001
-67.472,390.619,83.015
-67.472,390.619,83.015
-66.293,390.921,83.436
-66.293,390.921,83.436
-65.039,391.24199999999996,83.88
-65.039,391.24199999999996,83.88
-63.757,391.57,84.329
-63.757,391.57,84.329
-62.48,391.897,84.772
-61.217,392.219,85.20700000000001
-61.217,392.219,85.20700000000001
-59.979,392.536,85.62899999999999
-59.979,392.536,85.62899999999999
-58.665,392.87199999999996,86.072
-58.665,392.87199999999996,86.072
-57.326,393.214,86.52
-57.326,393.214,86.52
-55.983999999999995,393.55800000000005,86.965
-55.983999999999995,393.55800000000005,86.965
-54.611999999999995,393.908,87.415
-53.282,394.249,87.84700000000001
-51.983000000000004,394.58099999999996,88.266
-51.983000000000004,394.58099999999996,88.266
-50.617,394.931,88.70200000000001
-49.318999999999996,395.26300000000003,89.11200000000001
-49.318999999999996,395.26300000000003,89.11200000000001
-48.005,395.599,89.524
-48.005,395.599,89.524
-46.653,395.945,89.944
-45.217,396.31300000000005,90.38600000000001
-45.217,396.31300000000005,90.38600000000001
-43.838,396.666,90.807
-43.838,396.666,90.807
-42.43,397.026,91.23299999999999
-42.43,397.026,91.23299999999999
-40.966,397.401,91.671
-40.966,397.401,91.671
-39.571,397.759,92.085
-39.571,397.759,92.085
-38.114000000000004,398.13199999999995,92.514
-38.114000000000004,398.13199999999995,92.514
-36.67,398.50199999999995,92.935
-36.67,398.50199999999995,92.935
-35.268,398.861,93.34
-35.268,398.861,93.34
-33.865,399.22,93.742
-33.865,399.22,93.742
-32.465,399.579,94.14
-32.465,399.579,94.14
-31.044,399.944,94.54
-31.044,399.944,94.54
-29.609,400.31199999999995,94.94
-28.068,400.707,95.367
-28.068,400.707,95.367
-26.8,401.032,95.715
-26.8,401.032,95.715
-25.331,401.409,96.115
-25.331,401.409,96.115
-23.853,401.788,96.514
-23.853,401.788,96.514
-22.363000000000003,402.171,96.88799999999999
-22.363000000000003,402.171,96.88799999999999
-20.833000000000002,402.56300000000005,97.08200000000001
-20.833000000000002,402.56300000000005,97.08200000000001
-19.315,402.95300000000003,96.977
-19.315,402.95300000000003,96.977
-17.882,403.32099999999997,96.681
-17.882,403.32099999999997,96.681
-16.456,403.68699999999995,96.26700000000001
-15.039000000000001,404.051,95.777
-15.039000000000001,404.051,95.777
-13.665999999999999,404.404,95.255
-12.308,404.75199999999995,94.708
-12.308,404.75199999999995,94.708
-10.943,405.103,94.13799999999999
-9.628,405.44,93.575
-9.628,405.44,93.575
-8.224,405.801,92.965
-8.224,405.801,92.965
-6.912000000000001,406.13800000000003,92.389
-6.912000000000001,406.13800000000003,92.389
-5.651,406.461,91.833
-4.311,406.806,91.23899999999999
-3.161,407.101,90.728
-3.161,407.101,90.728
-1.8840000000000001,407.42800000000005,90.16
-1.8840000000000001,407.42800000000005,90.16
-0.605,407.75699999999995,89.59
-0.605,407.75699999999995,89.59
0.6890000000000001,408.089,89.01299999999999
0.6890000000000001,408.089,89.01299999999999
1.9080000000000001,408.402,88.469
1.9080000000000001,408.402,88.469
3.1719999999999997,408.726,87.905
3.1719999999999997,408.726,87.905
4.361000000000001,409.031,87.374
4.361000000000001,409.031,87.374
5.593999999999999,409.347,86.824
5.593999999999999,409.347,86.824
6.76,409.64599999999996,86.303
7.9079999999999995,409.941,85.791
7.9079999999999995,409.941,85.791
9.021,410.226,85.166
9.021,410.226,85.166
10.08,410.49699999999996,84.251
10.08,410.49699999999996,84.251
11.134,410.76800000000003,82.979
12.199000000000002,411.041,81.186
12.199000000000002,411.041,81.186
13.167,411.289,79.107
13.167,411.289,79.107
14.165999999999999,411.545,76.749
14.165999999999999,411.545,76.749
15.08,411.779,74.454
15.988,412.01099999999997,72.05199999999999
15.988,412.01099999999997,72.05199999999999
16.848,412.23199999999997,69.666
17.692,412.44699999999995,67.222
17.692,412.44699999999995,67.222
18.487000000000002,412.651,64.816
18.487000000000002,412.651,64.816
19.289,412.856,62.283
19.289,412.856,62.283
20.058,413.05199999999996,59.938
20.058,413.05199999999996,59.938
20.834,413.25,58.356
20.834,413.25,58.356
21.572,413.43800000000005,57.655
21.572,413.43800000000005,57.655
22.304000000000002,413.625,57.113
22.304000000000002,413.625,57.113
23.068,413.819,56.626999999999995
23.068,413.819,56.626999999999995
23.785999999999998,414.00199999999995,56.22
23.785999999999998,414.00199999999995,56.22
24.534000000000002,414.19300000000004,55.827
24.534000000000002,414.19300000000004,55.827
25.249000000000002,414.374,55.473
25.249000000000002,414.374,55.473
25.956999999999997,414.55400000000003,55.135
25.956999999999997,414.55400000000003,55.135
26.634,414.726,54.82
26.634,414.726,54.82
27.329,414.903,54.501000000000005
27.329,414.903,54.501000000000005
28.011,415.07599999999996,54.023
28.011,415.07599999999996,54.023
28.668000000000003,415.24300000000005,53.056000000000004
28.668000000000003,415.24300000000005,53.056000000000004
29.348000000000003,415.416,51.471000000000004
29.348000000000003,415.416,51.471000000000004
29.991999999999997,415.579,49.361000000000004
29.991999999999997,415.579,49.361000000000004
30.589000000000002,415.731,47.088
31.151999999999997,415.874,44.781000000000006
31.151999999999997,415.874,44.781000000000006
31.675,416.00699999999995,42.476000000000006
31.675,416.00699999999995,42.476000000000006
32.198,416.14,39.992
32.198,416.14,39.992
32.653,416.255,37.698
33.15,416.381,35.025
33.15,416.381,35.025
33.564,416.486,32.631
33.564,416.486,32.631
33.964,416.587,30.138
33.964,416.587,30.138
34.336,416.68199999999996,27.611
34.336,416.68199999999996,27.611
34.668,416.76599999999996,25.144000000000002
34.668,416.76599999999996,25.144000000000002
34.96,416.84,22.750999999999998
34.96,416.84,22.750999999999998
35.226,416.907,20.336
35.226,416.907,20.336
35.469,416.968,17.83
35.469,416.968,17.83
35.674,417.02,15.594000000000001
35.85,417.064,13.354000000000001
35.85,417.064,13.354000000000001
35.995,417.101,11.116
35.995,417.101,11.116
36.114000000000004,417.131,8.814
36.203,417.154,6.5520000000000005
36.203,417.154,6.5520000000000005
36.265,417.16900000000004,4.273
36.265,417.16900000000004,4.273
36.299,417.17800000000005,1.774
36.304,417.17900000000003,0.006999999999999999
36.304,417.17900000000003,0.006999999999999999
36.304,417.17900000000003,0.006
36.305,417.17900000000003,0.006999999999999999
36.305,417.17900000000003,0.006999999999999999
36.305,417.18,0.006
36.305,417.18,0.006
36.305,417.18,0.006
36.305,417.18,0.006
36.306,417.18,0.006
36.306,417.18,0.006
36.306,417.18,0.004
36.306,417.18,0.004
36.306,417.18,0.004
36.306,417.18,0.004
36.306999999999995,417.18,0.003
36.306999999999995,417.18,0.003
36.306999999999995,417.18,0.0
36.306999999999995,417.18,0.0
36.306999999999995,417.18,0.0
36.306999999999995,417.18,0.0
36.306999999999995,417.18,0.182
36.306999999999995,417.18,0.182
36.306,417.18,0.201
36.306999999999995,417.18,0.207
36.306999999999995,417.18,0.207
36.306,417.18,0.184
36.306999999999995,417.18,0.204
36.306999999999995,417.18,0.204
36.306999999999995,417.18,0.183
36.306999999999995,417.18,0.183
36.308,417.18,0.20800000000000002
36.306999999999995,417.18,0.183
36.306999999999995,417.18,0.183
36.308,417.18,0.217
36.308,417.18,0.217
36.308,417.18,0.151
36.308,417.18,0.151
36.31,417.181,0.263
36.31,417.181,0.11900000000000001
36.31,417.181,0.11900000000000001
36.312,417.181,0.297
36.312,417.181,0.297
36.313,417.18199999999996,0.01
36.313,417.18199999999996,0.01
36.317,417.18300000000005,0.355
36.317,417.18300000000005,0.355
36.321999999999996,417.184,0.298
36.321999999999996,417.184,0.298
36.328,417.186,0.48200000000000004
36.328,417.186,0.48200000000000004
36.334,417.18800000000005,0.48200000000000004
36.334,417.18800000000005,0.48200000000000004
36.34,417.19,0.48
36.34,417.19,0.48
36.346,417.191,0.48
36.346,417.191,0.48
36.353,417.19300000000004,0.48
36.358000000000004,417.195,0.479
36.358000000000004,417.195,0.479
36.364000000000004,417.19599999999997,0.479
36.37,417.19800000000004,0.479
36.37,417.19800000000004,0.479
36.376999999999995,417.199,0.478
36.376999999999995,417.199,0.478
36.383,417.20099999999996,0.478
36.383,417.20099999999996,0.478
36.389,417.202,0.518
36.389,417.202,0.518
36.397,417.204,0.535
36.405,417.207,0.762
36.405,417.207,0.762
36.416,417.209,0.935
36.416,417.209,0.935
36.43,417.213,1.101
36.43,417.213,1.101
36.446999999999996,417.217,1.4709999999999999
36.446999999999996,417.217,1.4709999999999999
36.468,417.222,1.758
36.468,417.222,1.758
36.492,417.228,1.9980000000000002
36.519,417.235,2.181
36.519,417.235,2.181
36.547,417.24199999999996,2.437
36.547,417.24199999999996,2.437
36.579,417.25,2.733
36.579,417.25,2.733
36.615,417.26099999999997,2.986
36.653,417.274,3.2960000000000003
36.653,417.274,3.2960000000000003
36.696,417.288,3.612
36.696,417.288,3.612
36.743,417.30400000000003,3.94
36.743,417.30400000000003,3.94
36.795,417.324,4.34
36.847,417.346,4.618
36.847,417.346,4.618
36.904,417.37,5.066
36.904,417.37,5.066
36.965,417.39599999999996,5.385
36.965,417.39599999999996,5.385
37.036,417.421,5.837000000000001
37.036,417.421,5.837000000000001
37.113,417.44300000000004,6.21
37.113,417.44300000000004,6.21
37.193000000000005,417.467,6.662999999999999
37.277,417.491,7.084
37.277,417.491,7.084
37.366,417.517,7.516
37.366,417.517,7.516
37.466,417.546,7.944
37.466,417.546,7.944
37.565,417.574,8.222000000000001
37.565,417.574,8.222000000000001
37.673,417.606,8.375
37.673,417.606,8.375
37.78,417.63699999999994,8.437000000000001
37.78,417.63699999999994,8.437000000000001
37.888000000000005,417.668,8.446
37.99,417.69800000000004,8.426
37.99,417.69800000000004,8.426
38.093,417.727,8.391
38.192,417.756,8.347000000000001
38.192,417.756,8.347000000000001
38.29,417.784,8.298
38.391999999999996,417.814,8.256
38.391999999999996,417.814,8.256
38.493,417.843,8.249
38.493,417.843,8.249
38.595,417.87300000000005,8.242
38.699,417.903,8.235
38.699,417.903,8.235
38.803000000000004,417.93300000000005,8.229
38.803000000000004,417.93300000000005,8.229
38.909,417.964,8.222000000000001
38.909,417.964,8.222000000000001
39.013000000000005,417.994,8.215
39.013000000000005,417.994,8.215
39.119,418.024,8.208
39.119,418.024,8.208
39.224000000000004,418.055,8.201
39.224000000000004,418.055,8.201
39.326,418.084,8.193999999999999
39.326,418.084,8.193999999999999
39.429,418.11400000000003,8.187000000000001
39.429,418.11400000000003,8.187000000000001
39.53,418.14300000000003,8.03
39.53,418.14300000000003,8.03
39.629,418.17199999999997,7.815
39.629,418.17199999999997,7.815
39.728,418.20099999999996,7.642
39.818000000000005,418.227,7.5089999999999995
39.818000000000005,418.227,7.5089999999999995
39.911,418.254,7.3870000000000005
39.911,418.254,7.3870000000000005
39.999,418.279,7.278
39.999,418.279,7.278
40.089,418.305,7.1739999999999995
40.089,418.305,7.1739999999999995
40.178000000000004,418.33099999999996,7.074
40.178000000000004,418.33099999999996,7.074
40.266,418.35699999999997,6.976
40.266,418.35699999999997,6.976
40.355,418.38199999999995,6.88
40.355,418.38199999999995,6.88
40.445,418.408,6.7829999999999995
40.445,418.408,6.7829999999999995
40.53,418.43300000000005,6.692
40.615,418.458,6.6
40.615,418.458,6.6
40.691,418.48,6.519
40.691,418.48,6.519
40.772,418.50300000000004,6.432
40.772,418.50300000000004,6.432
40.851,418.526,6.347
40.928000000000004,418.548,6.265
41.003,418.57,6.186
41.077,418.592,6.106
41.15,418.61300000000006,6.028
41.15,418.61300000000006,6.028
41.22,418.63300000000004,5.952999999999999
41.22,418.63300000000004,5.952999999999999
41.294,418.654,5.875
41.294,418.654,5.875
41.369,418.676,5.795
41.369,418.676,5.795
41.44,418.69699999999995,5.718
41.44,418.69699999999995,5.718
41.50899999999999,418.717,5.645
41.50899999999999,418.717,5.645
41.582,418.73800000000006,5.567
41.65,418.75699999999995,5.494
41.65,418.75699999999995,5.494
41.716,418.776,5.425
41.716,418.776,5.425
41.781000000000006,418.795,5.355
41.781000000000006,418.795,5.355
41.846000000000004,418.814,5.2860000000000005
41.846000000000004,418.814,5.2860000000000005
41.91,418.832,5.218
41.91,418.832,5.218
41.975,418.851,5.148
41.975,418.851,5.148
42.038999999999994,418.87,5.079
42.105,418.889,5.07
42.105,418.889,5.07
42.166000000000004,418.907,5.066
42.166000000000004,418.907,5.066
42.227,418.92400000000004,5.062
42.227,418.92400000000004,5.062
42.291000000000004,418.94300000000004,5.058
42.353,418.961,5.053999999999999
42.353,418.961,5.053999999999999
42.413999999999994,418.978,5.05
42.413999999999994,418.978,5.05
42.477,418.99699999999996,5.046
42.542,419.01599999999996,5.042
42.542,419.01599999999996,5.042
42.61,419.035,5.037
42.61,419.035,5.037
42.669,419.05199999999996,5.033
42.669,419.05199999999996,5.033
42.728,419.069,5.03
42.728,419.069,5.03
42.784,419.086,4.45
42.784,419.086,4.45
42.82,419.096,1.959
42.826,419.098,0.017
42.826,419.098,0.017
42.826,419.098,0.002
42.826,419.098,0.002
42.826,419.098,0.003
42.826,419.098,0.003
42.826,419.098,0.002
42.826,419.098,0.003
42.826,419.098,0.003
42.826,419.098,0.004
42.826,419.098,0.004
42.826,419.098,0.002
42.826,419.098,0.002
42.826,419.098,0.003
42.826,419.098,0.003
42.826,419.098,0.011000000000000001
42.826,419.098,0.011000000000000001
42.826,419.098,0.0
42.826,419.098,0.0
42.826,419.098,0.0
42.826,419.098,0.0
42.826,419.098,0.0
42.826,419.098,0.0
42.826,419.098,0.0
42.826,419.098,0.0
42.826,419.098,0.0
42.826,419.098,0.0
42.826,419.098,0.0
42.826,419.098,0.0
42.826,419.098,0.0
42.826,419.098,0.0
42.826,419.098,0.0
42.826,419.098,0.0
42.826,419.098,0.0
42.826,419.098,0.0
42.826,419.098,0.0
42.826,419.098,0.0
42.826,419.098,0.0
42.826,419.098,0.0
42.826,419.098,0.0
42.826,419.098,0.0
42.826,419.098,0.0
42.826,419.098,0.0
42.826,419.098,0.0
42.826,419.098,0.0
42.826,419.098,0.0
42.826,419.098,0.0
42.826,419.098,0.0
42.826,419.098,0.0
42.826,419.098,0.0
42.826,419.098,0.0
42.826,419.098,0.0
42.826,419.098,0.0
42.826,419.098,0.0
42.826,419.098,0.0
